100 1000
813.420740 505.710694
815.146569 499.512528
827.016885 515.852242
805.614799 501.674413
815.974447 499.819052
814.983752 513.768310
816.191147 500.245774
823.559368 499.805027
811.278047 505.365161
810.752960 503.353946
816.533469 499.696759
807.891209 473.005396
826.864221 504.628786
820.371824 509.752105
823.778286 492.175946
819.778196 499.245658
833.594752 498.798772
797.515507 492.537376
811.445132 488.503211
811.520372 482.651721
815.635446 505.428442
809.154691 490.997145
832.399271 494.925489
832.295583 519.181028
823.714886 500.119210
819.268129 502.112003
814.154768 497.547162
808.154523 504.800196
829.352557 496.294597
829.942791 495.803560
811.342822 503.796999
819.453958 501.864807
816.194530 499.724452
830.745429 493.797446
799.795522 493.129599
819.360423 505.513131
813.546329 498.414756
812.999023 500.716388
802.545792 493.964491
814.347258 506.856789
807.287870 483.988594
825.173838 483.880739
805.826095 499.031570
813.956550 504.049510
818.001913 493.318028
807.680265 500.946887
813.629984 499.891519
822.246336 500.751342
818.454772 499.061999
822.858612 497.034187
817.805757 498.942530
798.184099 502.950270
829.942071 505.333423
810.044664 503.970619
823.863045 527.108684
817.039699 498.078320
813.749522 499.527008
806.461853 501.958055
812.034655 501.714721
825.399265 487.410422
799.574409 505.462269
820.128262 505.502314
797.487792 511.130571
815.782514 499.858237
828.216280 489.945972
818.731250 510.758164
794.489531 497.949246
814.635545 504.801350
817.639480 491.103599
835.296950 484.080531
806.774381 522.545858
812.780904 504.739709
820.712200 513.483245
820.967391 503.639013
816.935790 504.064738
817.532000 500.779691
813.747507 504.581623
819.170801 499.406229
814.201369 518.120651
814.516602 499.261505
787.524235 498.270764
817.547990 497.048902
808.642323 483.414813
817.308345 507.287290
817.600641 491.273667
812.652435 496.148071
808.061213 499.948368
820.584991 494.891491
816.712259 500.775254
823.694668 490.894188
811.583389 492.836112
817.602056 494.307147
804.499987 502.967755
827.328717 502.668330
816.452368 493.286643
811.919403 505.095476
816.169562 486.944609
816.505712 500.426331
806.642553 521.485618
826.596009 495.552866
814.811597 493.164081 10.148892 2
826.297472 477.158583 15.790802 8
805.083024 494.271289 22.408968 1
816.043897 496.375702 62.410811 1
818.885044 498.185172 76.688839 5
816.052555 500.114018 86.498604 7
801.852370 492.559169 93.321158 1
840.419872 483.880659 104.914416 7
808.180646 489.618328 124.492929 4
814.690663 502.586206 126.584606 6
813.467166 505.531853 138.684781 6
817.660804 476.789145 141.319980 7
786.278384 513.476265 145.033618 5
826.646495 488.115007 148.597517 9
819.120348 488.923388 164.744934 9
831.704568 505.820902 167.656481 1
822.371236 496.879791 169.193399 7
827.584155 501.471541 183.100327 4
832.882003 521.437157 192.894498 9
806.759192 496.497593 214.596680 9
814.969870 487.066890 221.973070 8
818.897553 494.875819 230.259267 1
831.375962 493.041866 266.753205 8
827.280831 502.785377 268.615172 7
815.189647 502.218529 268.767669 1
804.240040 509.301688 276.342214 2
811.183576 491.450335 301.764526 5
835.636006 505.536838 306.872886 2
822.216673 486.898751 307.241826 3
804.082537 513.063738 332.695424 2
814.314432 477.527265 339.568637 1
814.517276 501.806334 347.168435 9
808.977120 503.933568 363.396245 2
834.246978 503.291773 399.408886 10
831.314535 509.439670 401.016051 1
832.557444 521.685980 401.681349 8
811.673849 487.311939 404.813032 3
816.529990 492.282430 429.129908 3
841.785899 491.449306 444.046639 10
822.508610 491.279482 449.743443 9
811.547437 485.325416 454.820262 6
823.605772 514.332881 460.349778 2
823.765985 502.291071 478.590228 3
813.418672 491.068864 486.443894 4
811.981521 514.214478 489.662544 3
824.382838 504.596432 501.875845 4
806.795914 501.085359 509.106517 5
812.662546 507.804578 563.672055 7
812.651028 500.149126 568.318345 4
816.446188 501.258479 597.918967 5
812.906655 499.375467 599.287418 10
811.987081 497.776719 608.106178 3
823.010924 495.236712 613.768813 9
801.579170 511.284174 624.666955 3
810.366427 512.601626 630.686816 1
814.665055 503.296376 639.215020 1
816.500619 500.584915 650.469372 5
834.731169 500.780924 674.709548 6
808.424936 494.917811 677.381341 7
829.507551 490.969570 678.261660 9
817.725505 500.101632 700.884876 8
803.471384 502.046656 737.303826 4
799.093696 513.709158 743.933668 10
827.202877 504.116927 761.198330 1
828.112950 492.091888 763.297937 10
827.114330 498.664030 771.185478 5
823.950585 484.085814 786.761189 1
824.654211 504.773378 791.090517 8
813.564698 521.079246 796.640890 3
817.548681 499.868348 800.868448 6
815.620806 508.662517 802.693469 6
822.953604 485.208323 813.819732 1
822.646681 504.059654 818.133139 1
809.900026 494.878276 821.442128 1
816.357436 500.172523 837.747983 7
816.474267 500.668145 844.772803 3
818.884885 497.276706 857.426728 6
817.298654 499.601734 861.023727 9
810.071891 497.429392 881.736006 3
815.578680 521.391982 894.621901 7
804.024096 498.445035 900.033348 6
814.321880 487.801652 919.173039 6
823.194612 503.311772 921.311820 9
805.797344 486.091823 926.047336 9
815.052098 501.663344 955.628058 9
816.529300 501.020016 956.631407 10
810.456278 498.130119 960.585011 4
823.622811 483.698523 973.659660 4
832.995652 511.201809 975.500223 2
792.514994 492.816491 990.855214 10
817.800844 510.589344 1005.932633 5
823.816987 505.373225 1027.412502 7
813.437855 501.736714 1044.180731 6
816.547220 503.633360 1049.151136 10
810.384305 505.809856 1050.234842 2
833.646618 521.807180 1053.690740 4
818.259331 500.373254 1058.216845 9
819.867372 497.860166 1087.594279 10
815.614422 503.735874 1097.910931 3
816.313127 501.063006 1103.002846 9
815.472697 498.719992 1110.468457 7
810.679482 496.351468 1114.196971 1
819.744896 496.200737 1154.833422 10
836.610435 503.252163 1162.552649 10
819.482657 471.524526 1165.034235 6
789.852454 515.440180 1194.824200 6
813.393813 477.021190 1219.111501 7
816.912583 499.573250 1227.713658 7
809.133056 514.139223 1241.224841 2
804.932162 513.033100 1258.865586 7
818.187709 492.076360 1264.400114 5
814.134253 496.852869 1276.006296 4
841.889430 493.648448 1276.380778 1
817.791761 514.344637 1303.664964 7
811.926915 490.899381 1306.883696 1
821.062695 507.244981 1328.788935 1
821.227366 499.530318 1348.497954 9
814.237801 488.295886 1352.956862 9
828.910076 513.996835 1360.455314 3
816.006313 500.862941 1402.042294 3
810.613209 518.235502 1409.044553 5
809.834980 486.472837 1422.198093 7
817.890356 521.327243 1441.948614 1
845.843576 495.499484 1442.182236 4
819.207403 499.753030 1463.459365 9
802.912313 501.711702 1505.213412 6
819.278786 499.387104 1526.032447 5
815.434501 506.390154 1528.574643 5
837.284443 491.363998 1529.415492 10
825.045684 489.960135 1534.823002 1
832.104079 506.644397 1535.418010 4
815.432035 500.190931 1560.744855 4
811.288960 482.589879 1563.685364 3
803.247654 496.587143 1564.118898 8
820.259313 495.683540 1568.211913 1
810.345934 496.762218 1573.878447 10
809.259143 509.091334 1581.847880 1
815.962033 499.957843 1590.672258 2
813.292103 495.671046 1595.173237 1
804.579682 495.389195 1600.790292 10
819.570736 503.473708 1623.223178 3
813.348866 494.334059 1623.270098 9
822.792341 475.010346 1630.178720 7
784.493682 488.922211 1630.361364 7
807.591158 516.119648 1647.601902 5
820.153411 508.724325 1660.175293 9
814.059322 526.271715 1662.106249 2
809.959084 503.799922 1662.828046 3
795.432051 503.838705 1665.969962 8
809.683699 520.530464 1683.853074 9
796.061445 518.889912 1691.960588 6
808.899848 492.333138 1699.766475 7
814.606570 513.988323 1706.572660 9
821.443113 501.062173 1711.680260 3
816.801467 500.442120 1717.175098 10
809.068137 510.753967 1720.736831 3
786.883774 493.409608 1732.726499 8
808.627458 504.993431 1741.238854 8
809.332011 522.225019 1741.269164 4
812.722309 499.540146 1754.536425 5
813.001555 490.886947 1787.435598 3
839.043458 483.994477 1801.573896 4
816.413506 486.729881 1833.308515 1
783.715825 509.326686 1835.887738 8
823.550999 510.485747 1840.218390 1
821.065967 504.070799 1841.511784 6
817.212504 512.377616 1845.443718 6
819.106721 495.306684 1847.007408 9
824.808708 503.212530 1852.720537 6
850.110803 493.405609 1858.113407 8
807.340219 501.657590 1860.168599 9
815.453728 497.924496 1866.936053 6
808.494616 514.274831 1900.298757 9
801.976680 508.118028 1912.556849 9
813.794902 500.378643 1913.423325 3
812.405074 495.693357 1919.221339 10
814.979381 510.451118 1936.103660 1
811.212950 505.731536 1936.205596 9
811.928231 489.280444 1941.695952 6
806.631032 490.621515 1942.928193 4
818.698096 498.017131 1973.246352 4
811.752150 496.972274 1974.456531 1
810.998649 514.678984 1976.538762 8
819.504772 501.084966 1987.091440 9
819.934036 502.585474 2001.363888 10
830.037379 512.394673 2001.869169 1
808.574519 500.394556 2003.958013 4
839.498212 505.191482 2009.058300 2
812.131212 500.419937 2017.016159 5
806.020731 472.085053 2034.209245 2
831.118481 492.231807 2040.397223 6
832.977623 484.958436 2041.063751 7
805.599216 496.553709 2048.972194 5
822.290251 485.542709 2058.284593 10
805.878801 495.082984 2059.966412 4
823.230943 495.104181 2071.771529 5
818.507472 501.623492 2086.774009 4
828.062932 525.484898 2094.975370 9
816.561023 486.402850 2106.745257 8
802.115555 505.589307 2106.792554 7
841.494373 512.963770 2108.180429 10
839.815046 507.610599 2113.898581 4
826.369559 502.907968 2144.450085 1
827.016500 500.295400 2155.295766 4
822.338217 510.122469 2166.949962 10
808.871485 507.363798 2172.041119 4
816.220499 502.109952 2187.181790 3
810.594133 499.963625 2203.278967 6
815.981063 500.797481 2210.723542 4
812.678198 496.172499 2214.366114 6
840.320276 508.619062 2217.616959 1
813.118580 507.005385 2220.888952 6
814.202311 498.916446 2243.634988 2
836.614445 511.148255 2245.705450 1
808.169652 495.728796 2259.879782 5
821.177638 507.704093 2263.491792 4
807.717030 517.578140 2269.408086 2
812.282863 491.670715 2275.446977 10
823.343680 506.529275 2279.079702 1
815.549140 499.295858 2288.746658 2
800.640371 493.063741 2290.122672 10
827.577241 492.711310 2308.783041 3
816.757178 498.246037 2311.482715 7
812.002042 497.313766 2313.522625 8
822.909389 491.387647 2322.234517 7
815.013243 500.169490 2342.193371 5
816.752013 501.314880 2345.972116 5
827.504921 491.671538 2346.797574 7
815.513658 504.135334 2348.006222 4
818.697564 500.760274 2363.009116 8
832.354967 497.176046 2397.157877 2
817.055497 499.703255 2405.999622 7
817.745579 504.278985 2421.940411 10
831.353670 475.741299 2425.668653 2
812.622105 498.431171 2429.221250 6
824.988616 476.387907 2450.011210 8
823.069151 524.913539 2450.512028 2
808.071121 505.887429 2467.634882 2
847.300820 517.394315 2493.109879 10
812.898051 498.194177 2494.990085 3
807.464577 509.125975 2495.540356 1
819.266222 505.069356 2516.561162 5
797.786102 501.221048 2520.593704 5
802.447045 499.218325 2532.161504 3
816.573708 499.342645 2535.795907 5
800.433549 509.980491 2544.121359 3
839.934593 506.746763 2545.121958 9
815.501433 498.555594 2552.654375 4
807.897955 523.981436 2563.257618 9
819.164907 496.809049 2568.397451 4
792.502858 478.784145 2593.795136 8
832.085016 511.861491 2601.375237 6
818.755495 498.711872 2616.468204 9
816.698183 496.877461 2620.103701 3
812.917159 504.914518 2626.253358 10
811.582326 517.664218 2637.389142 1
822.339878 482.242725 2649.040765 3
811.289763 503.480493 2650.830401 6
813.800429 495.351531 2652.229057 5
830.284793 514.847454 2653.207684 2
819.957977 503.395371 2653.617490 10
812.276640 494.527375 2678.366476 6
818.496670 487.475635 2678.915961 10
808.979936 508.410465 2683.570392 10
800.174762 481.414231 2696.295444 10
813.492058 503.623295 2716.266756 5
819.500908 499.340516 2728.859510 2
826.809796 519.181822 2762.600995 3
824.806524 493.080964 2773.089204 3
807.570638 505.735815 2786.934397 1
855.498266 514.525383 2791.589148 9
816.169439 500.185517 2794.257136 8
818.429157 504.260316 2794.893456 10
813.671791 496.092185 2800.266763 8
814.819814 495.277587 2806.676065 4
813.275509 498.987617 2813.716176 1
822.371857 486.693894 2813.771945 10
815.794685 496.326850 2813.892455 5
835.374670 503.634385 2827.231569 10
839.557331 480.096857 2828.173442 7
812.663467 496.141773 2829.062429 3
809.622759 522.794194 2835.770683 3
833.442942 496.950250 2847.786924 10
815.141193 489.999711 2887.000765 2
815.163032 500.556089 2888.851568 4
804.233229 505.533679 2894.798506 2
821.351004 503.581304 2900.387308 10
809.158782 496.953800 2901.677734 4
843.180191 509.993463 2922.964084 4
820.935288 493.805572 2929.230166 8
817.888147 496.668984 2931.376809 2
826.150080 505.207278 2959.836027 1
803.991369 487.369202 2975.684594 7
817.009848 505.271915 2987.165000 4
792.595048 506.917688 2999.913040 6
835.251948 510.529438 3037.283612 5
800.900417 487.233316 3044.054959 6
800.377392 520.922231 3055.812356 5
812.598819 523.138269 3063.093653 4
826.162422 501.794095 3094.052982 2
834.181097 503.996784 3096.202812 7
806.420188 503.845395 3098.090663 9
832.482125 505.395656 3111.954081 6
809.610381 512.763625 3134.704052 4
813.126057 502.801381 3135.536230 5
798.289060 498.601796 3147.979941 10
803.610111 518.204985 3152.508434 5
814.770117 493.680516 3160.263633 7
813.055596 467.414314 3168.917757 1
816.521136 502.531670 3176.307789 5
843.203312 534.166111 3224.750854 2
819.110235 506.015815 3225.495980 10
824.837400 503.248917 3252.339396 1
817.224288 517.770265 3253.732867 6
786.930763 495.231022 3255.282155 2
829.677362 507.163383 3259.340465 9
800.694202 480.500752 3264.763621 3
832.333574 512.848247 3288.277416 4
816.755076 504.129744 3288.517925 8
815.994560 500.313542 3293.117854 2
818.877340 491.614978 3304.414666 7
836.168433 497.770961 3310.342472 3
840.253158 489.614337 3318.225796 10
795.975526 496.091358 3318.985482 4
820.988040 499.437860 3319.206698 9
827.198177 494.193130 3323.265335 10
817.515720 499.386961 3326.732624 1
826.006246 503.076121 3337.198509 5
785.373225 496.659569 3342.396166 9
831.105697 483.214800 3383.409605 1
859.459923 495.318018 3388.149596 9
823.810379 497.484170 3392.835579 9
819.419935 501.814424 3400.533817 10
803.388103 503.144413 3417.614333 2
820.681625 494.931680 3425.781580 10
815.199773 492.823818 3426.422134 1
825.351263 494.768264 3432.324726 9
818.517798 513.604494 3434.814029 2
809.061685 495.676114 3449.150589 2
806.999835 511.768733 3465.011285 5
830.395008 499.643200 3469.950359 5
815.678894 494.118479 3475.511364 4
782.364965 504.527562 3479.037918 10
799.127873 508.718377 3489.388034 4
821.724041 501.606348 3490.848044 4
809.122527 476.245818 3492.975315 8
817.231980 516.937001 3494.612838 8
814.273390 513.021253 3512.960789 8
833.473076 506.971742 3514.209527 8
824.510585 510.826138 3522.022602 9
815.731272 500.822625 3526.402062 2
830.268294 483.613419 3533.224264 3
823.228400 515.132436 3542.863556 10
821.391005 493.321659 3546.313980 1
806.602273 494.857509 3552.443868 8
819.934776 485.645169 3553.851347 4
822.180718 504.237598 3554.018203 10
799.863741 509.625451 3554.304095 10
821.013456 491.697339 3567.346079 1
808.613969 510.849925 3575.498582 10
811.647063 503.651798 3575.706696 10
831.663467 516.028582 3593.566303 8
819.855882 505.930275 3593.837243 3
816.109612 509.858849 3596.087382 4
816.176139 506.268042 3604.896433 2
824.462284 482.677880 3606.754707 3
818.112889 500.035378 3610.551582 8
806.441962 482.151931 3628.161111 9
809.290777 503.221691 3632.215948 4
792.013144 512.703819 3632.699556 8
815.535401 500.796841 3674.177381 4
817.668685 500.905497 3693.525172 1
832.177060 509.537963 3695.828760 8
812.112134 512.412412 3697.282521 5
817.816109 504.823495 3699.387282 8
816.895125 506.387952 3709.465259 6
827.150192 489.259426 3724.842402 1
811.318608 502.054976 3744.796430 6
826.607304 503.756905 3754.975874 10
832.427856 502.422485 3762.020214 3
824.139754 502.139398 3763.562424 5
814.161923 498.620911 3764.104596 4
820.408793 503.958995 3775.324499 6
801.175990 482.919784 3776.631184 5
789.633550 492.269460 3776.889345 7
828.188773 517.775575 3777.467628 2
811.638392 507.283251 3785.013823 8
825.057758 501.911736 3812.967448 4
806.324057 504.107635 3824.493159 8
796.497638 501.514699 3841.579859 1
832.816299 513.807302 3860.282593 10
831.728850 523.541876 3872.376729 7
816.772937 502.831827 3878.667221 1
810.236131 523.126930 3884.293073 5
830.441555 497.692471 3903.938878 8
822.119801 487.026218 3914.391523 4
816.358773 499.808848 3931.194747 4
808.116084 497.620067 3935.245589 8
815.024462 509.348254 3935.832211 5
821.509343 512.398110 3950.986735 10
807.004483 510.137313 3960.586792 10
837.310790 482.304226 3965.843740 9
815.460332 516.600276 3971.736176 6
815.656722 505.292261 3977.973750 1
814.138634 498.701379 3979.734691 10
817.400236 500.863824 3984.603677 5
818.275050 519.562828 3985.091661 6
812.952900 511.692944 3985.113041 8
818.994983 509.521175 4011.098424 6
815.876874 505.520239 4011.158575 7
813.883463 485.022574 4013.596690 10
800.129859 504.219322 4031.126910 3
800.203445 493.511272 4059.757343 5
820.060930 499.441896 4060.545692 9
797.954138 493.998854 4062.326903 6
813.097567 502.067102 4081.020505 7
793.881640 492.362767 4102.008766 2
814.774852 486.428413 4111.517407 1
815.025597 506.678206 4114.926198 2
805.634729 500.554263 4125.108354 2
805.833985 515.009576 4128.673178 6
823.905548 499.079174 4136.563669 4
839.727206 501.169220 4153.946438 7
818.729039 513.109817 4160.414291 4
773.620616 484.336225 4161.802951 9
816.683880 500.765785 4172.131885 6
820.711155 488.352016 4173.939029 1
826.325308 498.302590 4175.647675 2
842.004591 515.958153 4180.268431 4
802.023356 486.629314 4185.323978 9
806.334197 489.198558 4188.719049 7
807.754555 491.576829 4213.208286 3
824.585239 495.487785 4215.454401 10
814.153572 496.155325 4220.781150 2
796.942752 500.731390 4221.522678 8
814.809013 494.971392 4225.419781 5
819.246319 506.086156 4233.753965 9
808.995170 482.395687 4245.328068 3
831.586646 490.114401 4247.959473 8
810.467359 509.169321 4248.419172 4
821.917300 496.090337 4262.892483 1
816.888935 497.114577 4264.771773 9
827.685125 494.795449 4279.275325 9
791.970891 515.962036 4279.685180 4
814.064343 501.814895 4283.207074 1
821.806915 496.795492 4286.610132 7
826.775415 501.914120 4335.358341 8
812.787718 486.924510 4335.776383 9
838.490849 491.663589 4340.290661 6
819.032456 498.590758 4345.374469 3
828.648891 514.882938 4345.821062 1
833.404727 488.042622 4349.460385 8
812.266053 499.252122 4352.855979 8
783.269948 489.526949 4373.122016 8
837.049767 501.679428 4374.629414 8
825.092429 489.784913 4389.564616 7
804.379809 510.349642 4411.162664 1
821.775648 479.201075 4416.314369 6
823.108317 513.852096 4438.146966 2
816.227664 500.297589 4448.630212 2
826.655558 505.726748 4450.359145 9
812.679844 484.815840 4451.621246 10
800.207818 491.321908 4452.424839 8
816.554133 496.749908 4467.660613 10
808.207018 509.605653 4469.021195 2
837.110939 508.650716 4487.219226 10
813.086120 495.752868 4502.297467 9
811.782519 503.140956 4503.984822 8
815.501053 499.957852 4505.295641 7
823.180009 495.684541 4531.585049 10
812.364985 517.338656 4545.304539 10
810.096504 498.668446 4552.158211 5
809.151007 504.550652 4563.993073 4
816.311437 500.734309 4573.846227 7
822.738165 525.478314 4592.989084 2
816.426993 501.770707 4595.406705 5
820.865640 498.695816 4600.345001 6
815.667027 501.764384 4605.577369 3
807.811387 500.527329 4608.752969 10
807.001307 508.017472 4622.325073 3
823.201329 518.179935 4635.134025 8
823.620658 510.179426 4642.200224 3
822.989659 514.362444 4652.484161 5
830.039255 510.540942 4665.480712 5
811.030553 515.041132 4671.554476 4
822.278868 497.238404 4684.347293 7
812.073810 513.315989 4684.411045 10
804.807327 504.348776 4687.043584 10
815.597423 500.819655 4691.206378 4
819.811189 502.373099 4700.578239 6
816.316632 500.150880 4713.890818 3
815.108049 510.992362 4720.398157 9
825.701087 504.823043 4721.511216 3
825.506517 495.719672 4729.400737 3
813.876591 497.493636 4743.162548 7
807.304111 502.655416 4748.452683 1
810.927658 486.807058 4751.708895 2
838.840340 507.858457 4753.410742 10
813.285822 502.814192 4754.683487 5
806.235271 488.280161 4758.421683 2
824.264735 498.131159 4758.601852 9
824.443139 498.748520 4761.302702 3
817.582678 501.470779 4771.225188 9
786.244576 497.624168 4771.964331 7
807.569624 495.556550 4780.705763 5
823.703794 504.758287 4791.169540 6
820.562983 490.256901 4792.248958 2
823.588856 496.090733 4820.885665 5
817.938909 505.079170 4821.028262 2
817.001533 494.505062 4843.621997 10
811.949546 464.477351 4845.624053 10
806.450319 517.049773 4893.442107 9
819.026612 502.511976 4895.889541 7
814.742309 507.057525 4900.256277 2
825.083891 523.744404 4907.325143 10
833.292914 496.609475 4908.910747 4
814.984190 501.982090 4917.740724 4
808.960267 520.389622 4918.963737 9
821.229422 508.813274 4958.309754 9
813.893200 504.310274 4961.969312 10
847.993849 493.228529 5002.204501 3
827.069990 486.067992 5002.460573 10
820.184959 479.269490 5005.501317 5
844.829969 497.764393 5029.200873 5
809.777853 472.202266 5041.681639 1
811.288285 497.300515 5043.678231 7
817.851313 498.645904 5058.720528 2
816.279275 500.110502 5063.569779 6
831.844690 500.466942 5064.194915 4
834.684693 498.115724 5071.851008 2
812.222271 525.071617 5075.464903 2
816.036747 501.215593 5088.601603 8
815.069449 493.822616 5103.603641 2
797.484764 486.678487 5120.989329 4
815.864738 499.889380 5121.931795 10
811.987697 490.050387 5134.504784 4
801.602306 494.832228 5148.865874 10
818.542963 491.467106 5152.936227 2
817.257420 491.583601 5161.982088 9
827.002291 491.814917 5166.866649 1
826.713210 511.716466 5174.377072 8
816.757628 501.681432 5205.313229 6
823.424977 500.251244 5205.919880 4
808.892910 502.717462 5213.101930 9
825.515655 503.833041 5227.763778 2
806.186846 511.905981 5229.354600 8
824.780822 494.547785 5236.537863 9
823.243020 507.970676 5242.981758 4
802.342743 481.253758 5254.683861 9
802.393932 482.365567 5278.356639 6
826.300803 503.962718 5281.054999 5
829.153964 474.424926 5286.934443 8
796.292777 494.189295 5296.494213 3
815.574054 505.680585 5301.529557 10
819.562999 486.806186 5325.925631 6
819.128278 494.502377 5331.830431 7
815.674722 499.703609 5340.904273 2
813.753227 495.808279 5355.020739 5
820.735927 485.147081 5389.703441 8
812.797529 498.916782 5396.929059 9
827.832426 497.774440 5399.338152 3
800.105797 494.148923 5402.671938 7
818.976403 490.958054 5403.089798 5
836.778457 504.735670 5414.416136 3
803.014739 499.019483 5424.915927 10
814.069945 513.205545 5425.418412 5
801.667959 509.931631 5429.885917 3
812.560233 490.188409 5440.926122 9
822.993943 497.926462 5443.950121 2
799.506510 513.398681 5463.012470 3
816.120039 500.304407 5484.054243 8
811.132370 498.536317 5486.565604 5
813.254470 498.657279 5491.587987 3
828.134005 487.145827 5496.755431 7
814.340912 500.639354 5498.464058 6
817.013094 491.343042 5509.582100 3
797.225880 502.083696 5527.926521 7
812.271778 502.678451 5528.828517 6
816.281935 503.112617 5540.896056 2
811.207293 498.239967 5557.537713 9
816.375833 507.012341 5591.278681 1
812.658779 494.934687 5592.457665 5
815.042030 469.222331 5594.855919 1
831.217307 495.201053 5596.962923 4
814.114437 518.454353 5607.885870 10
816.986108 499.846981 5611.488281 1
815.503767 500.195087 5637.060621 10
822.271095 507.145177 5637.270221 8
805.275910 516.364759 5645.887950 5
831.933557 513.927293 5648.134341 7
811.918473 508.209404 5666.867319 10
813.104009 490.707756 5671.344896 1
817.686861 502.832004 5678.035674 3
812.495442 478.525409 5681.297376 10
818.546715 500.436229 5703.252289 3
819.062288 505.264778 5703.459649 2
819.533981 508.247435 5723.293982 2
811.713714 490.037817 5741.514780 5
818.739917 501.552813 5750.375269 8
813.330509 499.470699 5754.269721 4
836.846911 498.457774 5768.276908 9
821.585830 503.135402 5769.172478 6
828.408689 508.089119 5779.958890 3
815.975764 481.876188 5780.900283 9
807.679082 508.870051 5783.228551 4
787.878658 521.655412 5783.651477 9
814.831473 511.521508 5792.322468 9
814.213422 499.864102 5802.163448 10
812.191945 518.709527 5805.812892 1
819.679213 495.386637 5806.809478 9
813.890454 497.707868 5816.114493 9
831.599250 482.749308 5845.445746 2
815.208151 497.727174 5857.564447 5
809.560553 487.339173 5861.263354 7
815.357818 489.088323 5863.103785 10
826.478552 486.256651 5878.934954 6
808.225053 502.922025 5916.114383 9
817.540831 485.231879 5919.094277 5
810.844296 491.401182 5921.229503 3
805.743916 498.735681 5925.602988 5
814.625729 474.895255 5936.328166 6
822.726689 475.999664 5937.347124 2
814.833658 508.985344 5946.552773 4
811.924074 512.565543 5946.911513 2
821.978159 486.975912 5956.775882 1
813.561785 495.365994 5963.705687 7
816.920090 501.391946 5964.027757 8
816.105504 501.434638 5973.008154 1
784.659054 509.714824 5991.733726 9
811.562459 491.203788 6003.370886 10
824.798328 496.912314 6020.246731 8
825.088286 503.175492 6053.012722 5
818.446130 499.370828 6056.064951 3
815.216391 497.225221 6056.525672 7
787.210172 516.563880 6065.214814 6
815.090238 511.099248 6068.524536 3
825.528470 485.634619 6103.993885 4
813.810556 505.978177 6104.348522 3
814.727126 499.081339 6108.135764 6
804.125408 491.872028 6113.756317 9
762.256244 527.578964 6136.333516 4
811.772708 502.399305 6137.204115 10
816.588824 503.855259 6164.063379 4
810.076498 492.419549 6174.521394 3
819.757128 495.470767 6182.149382 10
824.167697 495.902803 6189.659732 8
801.690838 481.598619 6189.963235 5
815.876076 500.613279 6202.386079 2
836.945695 481.071546 6225.362982 7
802.354469 488.540213 6227.529183 4
828.253479 504.828226 6236.342855 9
810.849408 497.699367 6254.165951 10
818.528061 500.822277 6255.502265 5
821.082104 497.530197 6258.531859 9
809.602601 501.183128 6266.296957 1
814.989831 498.747799 6271.170279 1
817.465754 491.558020 6271.199354 4
816.945368 502.273658 6289.846657 6
820.047133 493.470263 6295.290609 4
812.918663 494.164938 6302.335348 10
816.358449 499.048701 6303.921646 6
813.785171 490.346984 6308.795532 2
832.154309 516.735828 6317.143522 1
816.889267 517.467786 6366.996858 6
800.810368 483.190146 6370.029641 2
801.496012 499.415246 6370.123831 9
800.275611 509.748141 6374.024839 7
821.994836 489.437771 6387.243617 5
800.850176 497.010771 6409.589019 4
807.381598 499.295818 6438.209051 9
814.650300 501.766050 6441.565143 2
817.507975 506.396767 6478.411625 10
829.498229 498.716311 6493.698639 10
827.868188 498.661988 6500.861752 7
818.271042 490.259823 6504.889288 5
839.869105 502.175033 6509.055193 10
821.707445 502.916033 6515.226694 4
813.945143 499.373930 6533.718271 10
836.125958 515.707807 6547.413334 2
806.289220 521.213130 6569.158879 7
801.777108 528.421585 6601.285204 8
810.551084 505.968289 6606.108149 6
802.987150 498.895777 6612.295898 5
813.483112 513.656403 6615.292001 10
814.963774 496.880288 6620.551067 10
812.597603 498.155166 6649.615429 1
799.351689 478.470804 6666.163780 10
810.202376 475.520131 6666.644922 9
807.807756 493.106145 6668.065548 7
827.483119 496.377122 6670.462371 8
804.752793 517.104516 6682.132713 4
811.092900 501.683760 6687.677229 9
814.836648 500.196732 6695.841470 8
826.481875 492.960351 6700.900782 7
838.135791 522.267047 6706.777285 8
824.680390 485.353477 6707.488098 10
812.863900 506.200013 6716.667706 5
811.473581 497.462632 6719.399431 10
799.825722 509.899355 6736.977696 7
821.559951 499.825813 6745.208601 7
830.764882 486.197703 6749.451828 2
818.744295 510.976893 6763.442463 7
833.033627 517.452821 6773.427833 2
813.301262 503.517552 6799.995005 2
817.600206 500.937905 6823.373686 2
816.142970 500.088007 6849.770270 4
815.865722 495.136230 6850.830466 10
824.210432 503.143471 6853.317168 10
794.672088 506.938237 6872.974962 10
816.090112 512.352074 6876.703722 10
805.489812 495.234362 6886.427382 3
812.581190 519.112362 6930.587534 7
855.016208 501.184932 6934.847335 2
818.899818 513.765066 6943.535366 3
799.929800 517.160005 6969.842741 1
818.025094 500.921557 6974.852262 8
808.696837 500.097916 6984.471665 6
814.430408 498.673105 6996.884262 10
823.961865 492.643612 7004.330692 3
799.783219 498.258383 7007.408781 2
821.223531 480.773983 7012.288689 6
815.818631 499.976462 7015.337018 9
823.772437 503.066859 7024.264751 3
814.829377 523.968933 7030.879612 8
805.125087 488.371519 7038.676743 9
817.061588 499.569174 7065.251642 1
835.812126 490.704201 7065.856463 5
823.773259 505.563241 7087.853923 10
811.065743 503.372187 7104.418748 8
835.356803 493.516745 7107.873569 2
815.115527 499.084714 7112.191962 3
842.622582 507.176177 7121.302971 8
815.573510 469.617370 7129.814576 2
811.330355 516.225203 7130.353804 4
824.770669 496.561307 7135.139092 3
803.485197 493.101101 7155.384667 8
810.097704 493.616451 7158.981084 9
838.049685 501.681139 7169.630716 10
810.475396 495.613546 7171.026258 8
813.272097 518.946666 7195.686304 6
808.212670 504.302112 7199.485222 6
823.063294 491.236642 7201.348519 7
811.226080 498.539725 7213.863213 10
810.260865 517.066965 7215.822351 9
794.208294 485.729719 7227.385984 8
816.873094 501.397362 7241.175596 10
826.685014 517.034057 7254.548928 4
814.807161 511.517807 7256.286953 6
816.245275 495.288458 7258.776307 8
816.384196 500.515869 7269.886997 4
815.269912 488.804449 7311.399839 5
816.106675 475.384253 7331.662048 8
818.502020 507.900271 7337.788496 6
823.088471 511.244364 7345.049692 8
824.635717 495.076509 7366.934562 10
832.468786 477.511561 7370.602500 8
799.904002 512.928036 7379.496094 6
815.023571 503.783636 7380.047317 8
794.350252 509.733783 7384.272482 8
831.668033 520.378367 7395.370948 6
798.361083 525.465398 7421.948922 3
829.603514 498.224344 7422.108621 9
803.956252 490.890285 7426.942062 6
823.032296 489.997977 7441.424906 9
821.563925 495.916053 7454.205765 1
822.702263 489.125027 7459.910610 1
823.415575 499.961766 7465.832042 10
785.044166 498.801480 7499.502200 9
799.328986 504.633361 7506.116193 2
825.745377 492.105298 7513.862592 8
804.715591 505.018365 7516.897348 5
829.149422 514.209478 7530.980115 4
793.288626 496.281614 7552.243467 6
813.849803 494.735687 7562.287483 7
819.593433 492.708890 7563.805123 5
813.033798 496.293863 7568.432680 7
816.097817 500.015017 7576.506390 7
817.135397 497.178245 7586.620379 1
817.111067 496.089685 7603.205385 1
815.460984 500.221477 7603.689139 9
804.693432 488.113906 7616.460219 1
852.757547 497.749838 7642.519867 4
817.521052 493.360027 7655.526907 9
820.333726 501.977981 7656.973929 1
817.375296 497.894403 7671.303232 4
816.981723 486.671665 7680.184520 3
831.889111 485.478581 7695.409762 9
817.851865 504.788110 7720.486729 2
793.829722 499.777271 7730.065419 7
810.625400 512.423320 7733.549835 5
813.639988 494.520976 7738.233733 7
826.931335 501.991981 7746.600693 5
812.404499 502.670527 7751.005115 1
816.146638 500.631048 7768.519177 9
818.002705 500.413241 7769.414755 3
849.250166 500.774544 7780.730693 7
820.361017 490.274718 7781.521143 5
819.028839 496.334678 7785.299087 9
824.247493 505.525124 7793.445210 8
827.147480 491.267445 7801.510948 6
815.840361 494.941026 7813.609473 9
826.745933 494.258264 7820.328327 10
817.317138 501.169010 7834.373071 8
847.442729 505.727397 7835.000494 6
811.098008 511.465161 7845.179335 4
814.952633 502.819202 7846.098466 2
797.807836 494.074722 7895.301937 2
814.727854 496.304751 7898.844231 2
819.694209 496.464703 7909.659707 4
831.111968 483.911278 7920.802040 7
818.572865 503.192554 7922.848862 9
812.322541 480.039321 7927.447163 5
786.564174 503.048815 7931.145724 3
803.569039 503.679759 7934.738267 2
816.808042 502.631719 7941.297153 6
833.497034 514.556771 7949.458927 6
815.878497 488.239081 7954.267148 1
816.431893 499.907506 8011.292795 2
806.367417 489.682055 8021.104038 7
815.910449 508.601118 8063.900772 10
820.541225 502.879378 8069.693322 7
802.793584 495.187478 8083.989611 3
807.862632 497.923231 8084.509321 3
826.454430 494.424755 8085.412970 10
809.993267 499.937938 8100.395512 1
800.039366 487.951536 8102.295088 7
817.548912 486.907679 8113.778059 1
809.365227 492.487781 8127.737015 7
787.703045 467.165779 8136.534555 9
826.603266 517.879898 8140.663571 6
817.911107 504.779600 8160.105675 2
820.867943 490.175284 8168.998597 10
808.504492 502.134962 8190.667282 3
805.507145 505.824325 8202.752397 2
829.717325 488.961600 8207.307152 4
815.240552 499.315641 8217.935379 2
797.384022 498.692097 8219.816553 2
811.001899 510.103643 8239.986000 7
804.754442 499.314198 8240.119605 3
828.336895 505.350040 8252.812147 2
815.242532 500.220118 8257.928621 3
814.430422 489.030479 8278.808779 9
811.990512 489.679287 8285.848912 7
815.009976 506.275004 8289.531658 3
815.183922 499.027530 8312.633447 3
814.701288 500.862511 8319.924175 5
823.308394 499.515705 8320.566272 4
822.922642 503.938179 8323.009051 2
815.617193 499.132369 8338.433483 1
807.380016 513.436274 8340.238293 10
807.032316 495.910716 8344.537979 8
828.639376 505.613113 8346.339483 6
814.967997 497.972027 8374.116098 7
829.123963 523.273989 8375.421721 1
802.084361 499.652789 8409.564047 4
813.491096 500.060736 8427.585149 4
832.679218 492.867855 8439.621590 5
793.545274 481.870101 8443.676514 7
815.584395 503.154747 8447.455441 4
798.659068 508.536368 8450.349069 1
819.002620 510.262904 8452.135015 5
823.131544 484.725358 8477.010405 1
818.107921 501.993721 8481.948975 4
815.576301 496.943038 8497.412359 1
816.167149 500.192795 8504.762895 6
812.968486 512.525216 8505.898469 4
806.523384 510.789856 8523.396680 7
810.391257 480.730708 8542.126344 1
814.768162 496.815974 8544.296398 1
814.707130 496.021900 8571.602440 10
828.220230 486.446667 8584.402055 9
828.062551 502.032487 8598.510114 10
824.647762 493.821035 8599.797635 8
802.086760 507.898691 8632.898624 7
813.636730 495.654236 8644.710067 5
819.324790 504.067294 8645.771178 2
815.323606 478.554207 8667.108301 6
821.314825 501.713730 8675.525920 3
819.295669 500.175013 8694.079930 5
830.825064 471.047366 8706.068901 7
806.536422 488.685301 8707.267501 4
825.046486 493.287736 8726.763042 9
818.288266 499.457714 8731.011363 4
810.249914 482.928196 8735.416607 4
792.040145 502.609300 8793.434034 3
850.927587 520.657908 8831.295876 5
830.955012 498.069370 8863.523916 1
812.565674 495.828940 8863.985798 6
806.568998 499.841097 8865.251956 10
819.700872 510.889421 8872.262295 2
794.760501 519.127821 8879.584206 3
837.693312 495.743739 8883.291721 1
803.192470 476.584852 8899.608820 7
828.571150 518.232127 8908.966698 7
820.921975 482.407667 8912.689063 3
811.789883 486.030975 8921.653672 3
808.541882 498.428197 8929.937268 5
809.625380 503.696466 8930.834003 4
828.919533 495.786878 8939.456347 7
819.616174 502.248045 8942.302595 4
790.773885 504.597853 8947.773116 9
813.775330 480.819630 8961.496737 6
816.900779 497.819080 8969.888697 6
815.795405 493.246915 8972.145661 1
806.174559 465.524470 8979.384286 2
804.453152 501.442969 8981.071219 3
832.289337 523.653214 8987.587703 4
803.478873 507.641794 8997.253079 10
828.375804 508.599422 8998.874095 10
809.562308 485.773514 8999.933872 9
808.082792 502.928065 9005.389758 8
803.038007 472.527915 9015.575541 8
805.429245 478.600568 9022.677964 2
803.073213 507.649563 9028.814432 7
823.911650 516.608533 9054.785971 9
816.867884 496.751614 9061.475694 6
812.570143 484.499383 9069.176705 10
832.929489 503.587987 9075.517361 9
815.746324 495.978370 9081.918296 8
831.432289 492.791131 9083.960882 8
802.082818 491.947486 9097.259894 1
784.923350 504.713743 9108.451087 9
833.261605 516.497171 9110.732056 1
814.202126 507.395250 9124.033311 7
812.225258 500.364467 9142.158984 1
816.516353 502.989176 9147.153691 2
812.341277 498.221386 9147.833313 5
809.317051 498.393788 9162.998908 5
814.160566 498.827494 9174.518828 2
801.040757 487.127921 9176.909036 5
816.502702 501.498207 9184.299913 7
815.220588 499.480669 9197.623498 2
821.347070 502.933037 9215.238646 3
832.407232 512.419550 9220.338716 7
812.920978 482.432799 9224.003722 10
814.359414 506.295682 9255.555603 4
816.230087 498.087787 9256.537642 10
828.816059 491.972966 9271.420741 5
842.935626 514.096856 9284.994812 6
816.894285 500.355543 9288.016475 4
810.190439 492.027300 9299.007024 8
826.617172 475.154718 9303.025940 5
815.303337 499.412386 9306.430168 3
816.135795 500.322344 9344.696901 10
814.864400 496.693276 9371.171977 6
797.857766 490.217398 9377.102455 8
828.367031 497.347420 9381.772277 6
812.840026 490.856126 9397.535283 2
812.351656 487.054649 9419.578418 6
812.033342 485.938126 9434.997752 4
816.524727 499.142619 9439.779555 10
793.303474 462.601438 9441.240136 1
817.079192 500.088981 9455.859467 8
801.843002 502.111434 9465.361861 10
801.152457 509.669696 9469.220736 7
808.072342 505.888157 9471.332313 2
819.329702 500.775109 9495.159725 10
826.086269 484.123954 9505.514052 8
816.540542 511.838095 9509.104190 3
810.056063 491.755769 9510.768917 3
817.508544 500.527377 9526.043169 7
820.104357 499.378788 9528.510534 5
817.220485 542.862116 9540.974735 4
811.965738 498.018151 9576.755765 1
815.585800 513.631282 9578.157751 4
806.715953 486.977739 9589.927781 7
791.711470 479.331277 9600.390519 5
829.485372 506.365371 9606.857857 10
816.325830 500.424467 9630.823169 5
820.144301 501.880818 9631.619922 4
820.211306 500.019974 9632.626456 6
810.405456 498.870373 9639.757168 4
832.626365 493.337887 9645.116678 2
814.274080 507.160353 9658.677568 5
816.080964 496.418478 9658.896514 3
853.256000 486.477116 9675.712865 5
816.389187 493.592017 9688.875120 4
814.716182 501.017090 9708.002284 2
829.908670 501.093521 9708.336985 3
814.246429 495.305343 9720.996993 6
803.188860 482.061005 9738.738782 9
827.199118 504.452328 9741.619232 2
831.724866 494.253515 9743.366499 5
803.404151 497.347766 9755.318667 7
829.439428 520.800121 9770.231305 8
833.241447 522.169904 9790.379645 10
809.238480 507.114396 9805.262986 7
825.163722 510.216605 9832.582340 7
804.503430 512.897483 9861.020163 10
815.871810 500.616869 9869.771839 1
816.332442 500.053755 9895.199057 4
808.033140 504.761837 9899.759723 2
822.330352 503.298767 9901.670821 10
811.083966 507.272801 9912.084509 8
810.799046 497.154346 9920.698498 8
826.482036 480.708241 9924.456935 1
816.201375 500.245837 9928.959356 4
816.922026 499.546804 9948.338397 5
815.374050 501.105775 9975.250271 10
818.899623 495.773407 9991.049459 9
