100 1000
628.874403 264.108536
538.202808 877.109337
664.297041 292.980205
534.925118 245.412631
504.008565 932.619129
658.838511 301.845932
645.045472 273.541358
513.925479 954.503214
651.686342 279.758909
651.716879 266.716142
737.312444 160.360388
647.731910 279.226390
517.360380 924.647076
697.287804 263.737850
528.788084 957.373962
526.596091 993.952918
550.268300 889.399451
524.732277 953.449637
645.710734 280.402168
508.592340 957.411816
614.326199 344.236214
637.654623 227.068392
701.849739 331.236469
680.926312 311.837442
505.055929 918.862631
591.462374 287.599566
521.792733 950.455586
521.437662 950.894873
667.314746 249.511456
655.922908 251.756833
528.911056 950.357557
649.438914 248.386007
487.292993 977.478108
644.707463 263.882504
588.923057 863.290363
650.962691 365.090995
649.801038 257.599846
667.239415 233.241775
658.986042 275.411500
606.144208 256.434778
492.829292 931.322795
482.742469 911.850031
623.829579 233.026501
534.310505 947.182660
529.720430 933.050456
689.164084 184.121626
645.884469 275.492392
646.446747 282.486710
540.894341 844.416842
648.656487 277.918292
698.493018 307.378611
706.521581 230.659878
653.033810 276.860403
511.322383 961.204953
615.040383 285.103459
647.248638 274.419045
556.161950 1022.984763
647.248879 268.928160
526.396960 944.291033
661.801592 243.157214
539.033627 960.408166
661.905622 293.986186
658.670141 255.702246
542.747681 974.939997
445.986877 927.301714
543.226329 955.820068
518.766639 952.296117
625.371490 979.632257
560.384883 963.373784
468.647359 914.424193
708.682822 253.679606
519.317248 965.246991
527.316961 955.823713
518.251712 950.090217
558.413905 961.731462
547.892103 979.673419
534.653793 958.399337
536.778482 923.917719
534.532985 985.705902
640.608652 277.896258
637.310527 294.544750
640.486721 282.222209
513.765861 931.464338
612.456984 296.515074
506.980821 886.080997
618.032535 1064.508323
676.774653 303.815221
629.775233 215.107570
622.245771 259.906654
474.400071 936.070709
642.818504 263.043276
529.195386 944.434397
676.651938 280.272723
640.230598 311.329750
520.474641 946.461812
542.214374 1027.077354
648.639115 309.318897
621.064533 270.710636
641.367255 243.387260
632.942611 401.724339
577.735570 979.861323 8.338853 4
460.761943 963.598691 22.678239 2
535.796249 967.574552 27.982982 3
502.995888 925.069128 35.615080 3
533.396830 960.528923 52.425080 4
571.470303 188.592447 53.712684 2
634.748067 231.085709 62.079606 2
516.248244 962.720225 69.464996 5
451.055821 996.594170 82.373347 3
505.441247 921.808063 102.688155 2
622.488045 283.329951 110.068720 4
632.797312 294.808212 120.969709 9
511.126890 979.313152 126.965166 4
657.765052 285.986620 127.816666 9
489.672882 974.880869 145.885005 8
544.952270 986.005059 149.232866 9
686.174959 242.251959 164.203010 5
604.752040 927.536416 165.189363 1
522.772433 950.519341 194.550864 10
668.751604 296.315562 197.278325 1
521.288235 955.785435 202.523099 1
490.908525 970.804805 203.972647 7
496.856307 949.324829 268.072619 3
525.064508 951.984930 268.899779 9
550.307482 923.814623 284.794677 4
655.807668 297.781673 284.914195 5
515.441574 936.946893 293.584006 5
551.717010 212.824825 305.651138 10
506.457429 1036.060609 352.277658 8
628.446980 267.977060 384.336342 1
531.601730 955.283149 387.787904 6
530.208196 958.817654 398.535717 10
609.257054 255.321496 421.759672 4
519.153185 993.937236 431.248644 10
491.280177 1020.444565 434.240161 8
631.561080 310.187065 447.888387 5
612.800097 177.304211 454.917337 2
521.546623 936.666478 469.566410 6
642.089633 287.748134 487.323901 5
702.497895 343.845078 493.121767 5
632.648840 420.601757 495.785333 8
522.191067 968.146866 510.861201 10
623.049758 285.492459 514.909252 9
538.989412 964.390907 525.836117 9
618.943943 905.376195 529.715114 5
639.124729 277.460163 554.907709 7
667.747985 365.364516 583.684507 4
712.503217 273.733177 583.829166 2
652.276431 251.515583 590.697446 4
640.579607 292.607536 594.156643 3
662.264471 325.915918 599.158341 3
498.430293 986.876340 609.879998 8
527.282891 963.227340 647.591082 5
636.153281 258.347413 656.782720 8
637.443781 373.136239 682.474643 10
544.213776 919.601341 687.274120 10
531.628755 948.389329 697.279925 3
673.463373 287.271075 697.600998 9
607.509732 959.696210 715.788046 4
596.870986 304.723187 717.342582 3
609.028450 294.598996 723.889645 1
614.971075 293.496396 744.712547 7
484.769812 915.215742 773.051657 3
528.342784 958.258527 777.541844 5
503.463456 990.401930 792.079846 4
556.099602 993.812171 797.238372 2
655.008167 254.349850 798.864222 1
495.328408 927.066634 802.404993 3
743.264691 267.972339 803.487658 9
481.937381 966.717331 804.248693 6
570.536308 253.702124 841.588799 3
680.879915 268.748021 877.440269 9
488.857837 982.592872 885.052999 10
531.541704 918.897232 893.661468 6
611.235930 284.877718 911.966711 9
628.284126 256.055114 913.542208 5
606.832034 239.401013 941.285448 2
513.384619 938.874867 980.339990 2
647.051487 279.502596 981.827939 1
657.341160 243.072463 987.274886 8
593.419273 227.321620 995.391124 6
642.241650 276.507286 999.940867 4
518.095405 911.644769 1010.660231 7
622.470375 344.351710 1021.750022 7
657.145350 289.829511 1023.487209 9
649.812704 290.777856 1041.378132 7
482.038741 994.930770 1043.148413 4
653.435913 272.835770 1051.890730 3
703.166472 276.489549 1054.970862 9
626.794931 263.233934 1072.418061 4
631.653516 270.022909 1081.999821 6
610.501435 279.069823 1095.595371 4
619.974961 324.348711 1125.288298 4
530.007337 944.154405 1128.997652 2
716.938196 135.721386 1129.095769 3
637.320907 270.937259 1132.237146 9
531.809165 949.716522 1149.759014 7
630.953452 239.517412 1155.074704 3
626.118113 315.637172 1157.863026 4
529.429488 955.983386 1200.463257 4
486.879226 969.675218 1217.382113 8
534.580826 910.092231 1261.719280 7
669.050382 266.273710 1277.438738 1
513.862057 928.548824 1277.897470 1
647.016241 256.932304 1285.659480 8
645.917390 313.999669 1290.094184 7
532.820405 954.020770 1299.737720 2
635.180249 277.252212 1333.985263 1
671.165630 147.498702 1339.696079 1
540.063214 971.367738 1356.966334 3
649.600139 278.997361 1367.142730 6
650.626168 222.784514 1369.724023 2
649.403071 286.941334 1403.322248 5
523.201111 959.061766 1408.741446 1
518.137696 892.039490 1416.105704 3
538.832574 958.809580 1438.806376 9
649.984017 269.612999 1440.858135 5
640.781380 227.966839 1442.317127 6
532.229123 930.918363 1445.398347 7
641.452448 276.532703 1446.341183 7
591.717992 232.407201 1460.622613 10
650.094320 290.154862 1463.040902 2
582.773443 995.725425 1470.939972 4
496.958415 929.829005 1484.729769 4
673.156811 280.869788 1489.242286 3
568.394514 272.094847 1489.533698 10
570.728518 238.115137 1522.882526 2
645.238883 275.822785 1545.870308 7
643.897879 280.527101 1556.636478 2
643.068464 264.837010 1576.501580 6
631.155358 256.477241 1586.943956 2
659.281586 277.453990 1611.288250 6
488.423136 977.371811 1615.792802 2
554.659151 1035.556715 1649.209800 7
628.685378 295.353811 1657.510292 1
527.280920 993.445998 1662.786186 3
498.896434 949.335251 1673.664448 5
518.003111 955.335918 1689.567172 9
643.862750 285.639040 1731.283243 5
476.519673 984.340138 1732.426754 6
526.454179 1016.062012 1734.883813 8
510.971419 927.976080 1742.899878 5
577.042832 1016.395572 1765.680623 6
491.962379 956.178807 1775.790452 3
593.507737 970.486640 1780.805447 4
563.968990 1028.088376 1788.328637 9
452.360488 889.716657 1793.258448 4
620.948438 283.500629 1793.739949 3
559.949021 256.820057 1810.184008 1
631.729307 251.511880 1814.456171 8
497.398645 994.074287 1818.279788 7
515.214218 942.479924 1824.457304 6
653.150190 271.408480 1839.000769 3
630.568964 271.838817 1846.280017 8
522.504002 950.323963 1846.475764 10
644.398687 282.319750 1874.175125 2
526.549376 886.637920 1898.503885 8
614.934995 319.549546 1909.742172 10
543.840796 905.114312 1910.114190 6
655.386442 205.624609 1921.425787 7
531.026607 949.425009 1933.662153 1
661.602008 302.834215 1949.893748 9
593.575479 977.979759 1959.730576 4
522.325401 955.773442 1962.535892 5
641.432779 274.380541 1993.721831 2
629.690274 248.704057 2034.009436 3
615.117861 258.564592 2051.952358 10
436.717255 936.863576 2060.238090 9
653.578799 285.509043 2084.595565 6
539.815318 953.859347 2086.232810 10
666.062697 276.050675 2086.562066 3
653.551622 284.305616 2111.799180 7
634.436055 943.965850 2128.214080 9
474.457780 882.409468 2132.766443 5
468.775824 931.260619 2156.086487 3
519.126626 1010.149153 2176.645295 10
619.756071 252.341364 2180.213425 8
648.269547 228.561999 2189.804426 9
740.530707 285.228151 2193.228016 7
687.057909 320.338139 2204.575810 8
643.113427 289.359304 2213.536615 5
643.130619 277.339367 2215.472116 9
632.840775 258.414802 2217.758290 1
595.454945 231.556477 2233.077275 5
627.873915 276.472514 2253.290673 3
664.883677 250.404416 2259.372112 1
733.535906 288.361068 2261.538239 5
642.965029 277.379569 2286.425744 4
626.185213 279.488257 2300.825460 3
628.185925 282.347062 2304.549262 3
641.273256 265.198157 2310.292479 8
641.709058 260.989853 2314.825963 4
513.097185 947.522444 2315.274418 3
663.104644 251.381948 2326.281791 10
642.618264 275.904852 2337.655828 2
615.660971 293.162003 2338.267176 6
527.116901 947.762595 2338.869581 7
673.533782 260.402264 2339.652004 6
650.037162 302.883361 2350.458745 6
507.407084 947.354578 2357.779168 8
622.902223 263.513773 2364.462078 9
511.166372 951.443641 2364.942486 6
652.378057 250.895175 2368.379263 10
495.512212 950.391924 2371.700070 5
513.417211 954.353686 2382.427554 4
604.847181 278.435337 2383.968186 6
559.909670 975.719566 2397.201321 3
529.608019 988.378086 2427.525419 1
528.507065 928.747766 2430.646970 3
399.199123 919.353408 2453.616022 5
516.747319 954.305009 2456.126849 10
543.991229 950.285001 2464.185987 5
589.289878 932.417528 2471.526786 3
644.168484 275.929677 2475.828681 9
515.929189 977.369219 2476.084990 1
440.238277 964.382093 2476.338489 9
630.431820 259.269762 2478.692954 8
504.744490 946.412762 2493.295891 7
533.686392 947.171577 2501.447753 8
503.482072 938.951289 2503.680539 7
647.329339 305.805783 2507.571585 7
416.292844 1014.589897 2517.806291 8
516.455302 952.558232 2539.345501 3
559.690975 965.795160 2553.023410 6
647.510463 289.455039 2559.120307 3
525.433481 956.973974 2566.173909 6
515.704890 932.770037 2576.975319 6
624.530292 225.403895 2581.981768 2
510.191786 925.655497 2593.351066 1
505.905132 963.741183 2610.035696 9
613.165521 1010.191212 2612.186748 1
664.719043 196.994944 2614.635880 9
485.162333 952.077670 2617.678726 10
655.782023 191.580843 2632.064795 6
639.892174 256.311643 2633.247320 7
718.093615 267.445410 2634.364789 3
717.689826 270.601218 2648.307493 2
533.642030 934.302747 2650.833403 8
698.361274 211.315338 2654.391072 3
544.918304 973.315986 2663.591987 2
676.414618 270.098699 2663.965297 1
629.308517 946.596997 2664.937251 10
466.462350 981.289255 2679.321840 4
542.268148 974.643994 2689.588875 4
522.097925 951.115739 2690.127546 1
537.480667 928.389069 2700.654912 4
502.517985 958.807836 2703.014062 2
663.073917 262.896925 2703.815620 1
503.882928 976.467371 2711.167195 7
561.864823 914.854298 2722.463910 2
607.254594 241.226824 2728.883535 7
638.414758 280.332091 2732.326506 6
518.909443 989.349968 2746.454510 3
519.336449 923.311040 2780.190507 8
657.277995 271.049548 2788.465955 5
532.457906 957.324294 2789.104908 4
443.123789 956.064633 2792.752807 8
686.159436 229.437481 2795.727322 9
499.691726 932.361656 2798.888044 3
524.321754 952.659718 2801.469072 3
521.766919 947.496881 2836.843583 2
511.981937 962.071350 2839.178506 7
651.100232 290.572174 2844.440196 6
532.859506 978.997149 2844.941408 4
520.491216 992.405042 2858.808323 8
635.614861 220.318181 2862.927492 9
433.784676 887.641917 2862.983990 6
509.124608 935.428743 2868.503262 6
656.071546 289.272451 2878.810939 2
644.774166 253.112845 2887.989942 9
533.303392 940.280454 2905.490265 3
600.757305 262.851492 2921.146822 9
646.097692 267.619691 2925.412818 9
558.980109 997.060587 2929.158176 5
505.315335 945.172284 2936.286492 9
630.675710 279.651685 2954.640359 7
620.765408 279.681975 2972.804212 3
579.403998 352.786864 2977.419685 2
673.303610 239.664053 2982.803875 7
558.670641 943.031892 2986.689178 1
639.041187 390.349326 2993.367679 5
629.978904 275.690203 3007.062424 5
489.259924 923.006572 3016.078169 6
513.283162 954.373108 3035.154330 1
533.134834 928.713594 3064.697541 1
495.283004 955.881966 3065.384099 9
640.834302 289.865807 3074.659302 1
631.930968 222.635314 3094.881165 6
480.894217 933.594816 3096.649339 5
610.096450 379.863075 3105.806394 9
628.481690 254.999239 3113.165725 10
628.234312 289.509890 3127.073525 4
521.919638 949.821266 3134.606999 1
661.653697 270.557785 3158.766851 2
573.564163 999.166779 3175.460989 10
659.235735 223.797111 3191.005598 5
542.510867 963.663286 3192.013871 1
646.199462 282.962081 3195.347681 4
585.458605 929.003761 3202.871378 10
633.359059 233.039344 3203.671632 2
502.523063 975.118367 3206.141072 9
635.920082 283.321478 3210.505281 6
673.175081 234.627257 3211.592513 1
638.643983 255.341886 3213.349443 9
637.304727 330.307210 3215.232126 2
550.373731 908.058831 3215.807245 8
550.204181 923.702059 3216.247053 5
495.331850 884.149698 3218.200382 7
658.942817 265.781741 3222.692260 7
504.970836 969.863790 3232.068332 2
519.419274 905.897702 3238.292948 8
509.226110 980.578441 3243.308579 8
537.494631 966.680095 3247.951481 6
621.711798 340.954102 3266.841484 9
518.256308 966.373185 3270.224860 10
640.007565 258.283863 3285.330131 10
527.308229 980.406425 3299.528905 9
591.443115 250.051628 3301.809140 5
569.493422 291.230330 3306.931799 2
662.687130 304.880230 3322.227088 5
618.289565 229.050611 3330.822234 4
523.859473 976.840988 3338.086881 8
520.392162 959.759125 3342.162108 10
527.513989 928.607810 3351.445431 3
493.723865 891.159895 3361.471210 10
545.478696 951.335753 3365.067854 6
509.094523 939.315560 3371.172026 4
551.999682 955.890605 3391.748543 7
520.917902 930.652701 3392.834116 3
674.479852 310.807783 3405.882587 3
565.862087 950.572992 3421.434761 10
600.289943 299.540218 3444.502741 1
617.288824 301.779965 3452.490577 3
623.979522 266.961510 3480.844687 3
559.539688 937.019248 3488.231215 8
522.841350 946.763649 3506.743913 1
530.152335 937.022931 3507.922795 9
540.534216 920.766557 3518.694480 1
526.613352 941.291931 3549.970068 3
538.926188 894.769960 3567.835120 9
646.718690 276.239158 3568.655435 6
523.159445 1040.712573 3568.663101 6
642.157703 291.493689 3574.204623 8
612.667077 272.878747 3586.135949 7
461.891861 946.419339 3592.806385 1
515.900869 937.089160 3607.005821 5
467.149694 900.799812 3609.164471 9
608.282072 280.192599 3638.961911 8
550.668349 914.620274 3646.738855 5
522.978225 915.734104 3659.269527 9
559.778604 979.068608 3667.860400 3
523.873594 954.181337 3675.095821 3
681.793238 288.290655 3677.940376 9
639.144753 266.489771 3714.028867 3
642.272353 275.232431 3729.455657 3
647.325993 278.178774 3736.631627 10
525.756093 987.652793 3749.529467 2
639.874642 360.307577 3751.123493 9
562.120958 257.872161 3752.258371 2
668.233638 237.093445 3758.020174 4
682.053256 297.636474 3784.052777 3
641.670077 292.051860 3786.867342 3
522.097747 952.430733 3787.294775 10
692.886649 298.701996 3793.414144 3
519.524565 982.805316 3800.660920 7
632.201946 277.821426 3814.198163 5
578.400409 936.452017 3823.812910 4
617.878709 277.701896 3824.431582 8
651.309528 270.674468 3825.680566 7
666.405140 290.625411 3826.696032 9
547.485327 969.402800 3827.468446 10
655.619327 270.513124 3838.363266 8
538.515750 949.815525 3844.653807 9
555.931512 901.676760 3847.551906 6
549.812215 1020.235817 3848.002989 10
510.156668 940.541551 3851.892494 2
486.827189 904.371406 3872.185921 4
622.931801 306.753615 3875.889129 6
544.366296 929.815345 3878.095110 5
703.942412 250.129339 3904.639753 4
394.039350 919.514259 3913.947701 2
537.020952 971.294273 3920.846696 9
649.525320 264.219020 3932.836613 6
533.724903 953.657583 3977.862816 7
518.734533 927.783312 3979.999733 1
667.797572 337.912129 3985.672249 6
613.129031 919.470752 3986.259556 5
436.119733 956.450263 4007.721826 6
628.391412 273.171563 4018.546768 7
619.169106 278.928192 4023.193329 7
641.902168 276.491286 4025.331317 1
641.972750 270.995630 4025.620869 1
527.292504 1070.809135 4026.259970 2
570.828216 257.654422 4039.027417 1
534.804665 977.277999 4051.630987 10
495.840204 958.216582 4057.493909 5
549.401219 948.532855 4058.043006 7
661.852949 258.540027 4072.033030 10
734.220971 251.807942 4073.587682 4
622.633947 996.927602 4096.695873 10
663.546050 244.680684 4100.875428 6
485.028598 996.722474 4127.341763 5
484.621603 943.884420 4135.849794 1
662.277504 287.019942 4143.451341 6
594.400836 287.756691 4150.058611 10
500.361315 922.826454 4159.814638 1
695.762056 282.925009 4161.982868 1
522.294082 949.412761 4171.626151 1
545.091698 907.333114 4187.861790 1
517.973725 921.820406 4208.973285 7
629.752088 284.136088 4218.011141 10
601.636253 342.747542 4221.536057 6
509.474237 958.339234 4225.120543 9
484.715348 952.198751 4228.362798 3
646.669216 278.399921 4236.668617 2
535.948200 241.667480 4246.646471 10
496.000858 940.693165 4285.260563 9
726.100209 260.528837 4348.318260 7
679.136444 263.678906 4354.515745 2
633.247647 266.188214 4354.632750 9
538.463407 954.154417 4362.275882 6
510.458173 1000.351435 4382.421430 6
521.874266 944.371222 4393.844376 4
530.518775 932.024789 4423.182320 9
670.451644 241.093393 4423.397593 7
643.956405 236.857400 4427.150842 4
643.536911 261.015891 4438.526246 1
650.636790 296.993703 4457.928094 7
596.526254 281.827630 4464.896081 10
518.922932 959.744928 4484.975856 1
542.349264 925.040869 4487.176975 1
516.914202 949.012187 4489.129193 2
597.533470 314.541249 4499.155439 4
570.578197 917.317429 4499.679510 3
608.685275 217.118607 4520.640237 5
638.965085 293.643613 4527.885726 3
653.183090 268.861545 4530.861518 8
631.256321 262.684402 4542.742358 9
543.826040 973.557490 4546.291069 6
548.862247 938.123812 4547.866700 8
615.479326 264.052045 4560.013201 1
706.287299 352.130142 4572.276308 10
666.039945 256.306990 4589.025352 6
534.958052 945.666333 4608.465870 6
614.197979 269.036131 4615.824929 2
640.570057 277.325790 4616.528094 4
615.665051 910.912908 4620.848876 1
548.164524 996.660422 4624.464242 3
646.942728 239.167074 4652.000967 4
523.397728 947.824668 4661.578095 9
683.486025 295.804035 4663.141320 10
603.681632 239.988021 4667.237826 6
507.252356 951.617400 4668.802008 7
542.196445 971.699745 4677.926480 6
638.923788 288.427321 4702.675528 4
589.093445 268.902862 4703.628267 10
517.707369 967.434313 4716.216511 9
484.345026 940.861861 4718.141408 1
580.374768 1034.662208 4751.738725 8
705.620907 252.801540 4752.155384 4
575.254312 234.653483 4757.780088 2
657.100050 245.247283 4760.269925 7
665.590420 237.695495 4774.358757 9
636.335516 295.484833 4785.908988 6
643.359742 275.609736 4791.157402 8
519.749011 957.782091 4792.510594 9
659.424954 282.379786 4792.883201 3
638.464557 285.307625 4794.292191 7
523.980450 949.947039 4811.911577 2
720.134392 359.439947 4822.166068 2
565.822231 237.767915 4833.702105 4
493.596655 924.123949 4840.112174 3
504.357184 947.951398 4842.049759 5
448.950810 916.213401 4870.858714 2
509.213223 948.587081 4895.065788 3
672.245971 261.923881 4902.393389 6
553.405720 1002.842936 4909.558255 7
657.868880 221.091021 4913.601479 10
514.733920 919.583057 4920.719624 6
641.620512 303.121911 4924.266921 5
640.114116 261.780464 4925.866910 7
601.784568 265.051355 4930.898819 9
521.937145 949.692700 4936.736838 2
522.780975 939.736239 4957.720295 9
526.505771 917.866909 4961.169628 8
406.431310 959.065796 4971.678924 10
528.242564 959.243189 4978.477198 1
494.237436 972.345719 4989.113352 6
505.783141 951.827217 5004.223267 7
627.996131 284.894319 5015.867574 10
561.100377 1013.079254 5040.526604 7
528.595126 953.295909 5055.117008 7
652.305357 211.964278 5065.188271 9
564.608630 1014.455766 5072.433225 1
499.589980 966.559401 5079.947634 9
631.205920 337.752870 5082.561316 10
608.893535 225.670234 5082.919805 4
618.870735 274.068059 5094.203860 5
494.470963 955.187815 5102.733192 2
520.863820 948.059227 5108.582837 2
495.859384 984.509616 5108.904644 5
633.495702 935.059408 5124.173437 4
563.507508 944.320773 5129.864169 3
503.886859 953.350854 5135.049332 3
584.588742 309.230845 5151.640723 10
633.413860 293.173003 5152.274731 7
622.227273 295.289489 5176.703468 10
642.001011 280.262532 5218.236372 5
638.847811 274.296535 5242.833835 7
688.855480 286.210569 5257.816872 7
462.767841 926.611718 5259.910403 4
565.994182 292.309760 5277.900565 9
522.614540 950.449914 5304.121389 4
516.286692 955.524285 5317.214859 6
523.011955 952.007812 5355.227338 9
549.785999 1014.830707 5385.774568 5
525.749652 929.477246 5455.843052 1
672.833499 251.672951 5470.108249 9
646.265771 285.513099 5483.888969 10
684.646118 242.389458 5490.086195 5
526.120606 855.137421 5499.848517 10
609.724622 281.407853 5520.275410 2
585.803110 282.209153 5523.720818 1
680.428575 373.112174 5529.570821 4
623.726386 330.509912 5543.772488 4
545.807495 954.221855 5553.109573 8
604.674108 263.761156 5557.244371 8
605.790885 350.085433 5559.206402 4
595.230284 307.692181 5564.674335 5
558.984812 929.304160 5567.584554 10
488.724155 966.016595 5610.847397 1
650.610525 281.834161 5615.450655 9
656.524328 189.411198 5615.491073 1
615.561299 276.444242 5621.090215 10
525.874866 946.701554 5639.375455 5
503.372375 904.079622 5656.175179 1
637.755973 260.390304 5659.013556 4
645.245157 206.469483 5667.106805 6
626.837395 912.730198 5703.021737 4
510.725288 964.998096 5740.040649 9
640.637583 276.274905 5749.035496 4
638.858014 237.882452 5758.808246 7
656.852861 269.074239 5794.891567 3
514.157327 905.626157 5803.004171 3
538.777540 971.112677 5813.089669 4
518.646028 953.037596 5815.556802 3
515.014432 922.120418 5816.466308 9
643.962126 263.461913 5816.640681 6
451.684017 917.249359 5823.577169 7
650.309390 282.450961 5832.784094 7
662.302068 300.247575 5835.662323 7
514.630639 940.138515 5849.155120 9
542.456790 929.284408 5872.405966 6
508.891277 959.737910 5873.695907 5
527.448724 962.486977 5893.574770 2
522.255986 980.460427 5895.260277 2
601.647640 385.504700 5897.116938 7
523.071368 962.620662 5900.566783 9
625.227744 277.603371 5905.482886 3
621.242742 268.669892 5907.232441 7
621.017814 259.787756 5908.956585 7
672.345795 236.237828 5927.489452 10
635.281119 191.596139 5938.622941 9
596.733662 306.837832 5947.635876 3
627.123287 325.670282 5949.669452 4
561.480166 963.588509 5960.026529 2
641.434567 278.398227 5967.674016 4
569.198930 981.306559 5975.335676 10
552.781764 974.506307 5976.856390 5
586.808422 946.875308 5984.987237 6
505.879607 942.057637 6001.037925 8
522.877985 949.897168 6004.177866 10
533.682330 936.178379 6011.164772 2
693.216700 323.225457 6016.232931 9
572.116963 878.310217 6025.219057 8
499.215988 879.870341 6029.669572 2
616.346877 309.180257 6031.539118 2
481.754197 960.560897 6037.349780 3
637.857838 278.819463 6039.801838 5
507.576942 933.612606 6047.586562 8
669.764968 300.482968 6049.433759 9
598.314277 320.915464 6052.690502 8
513.536554 983.484844 6057.100397 2
644.095901 268.009117 6071.979584 7
562.099328 935.273462 6107.404698 7
531.713559 954.599094 6117.668110 6
638.055715 278.466001 6121.741332 8
544.112221 996.165474 6134.707475 8
592.711555 296.191139 6206.360564 3
639.851799 276.437676 6206.526702 3
583.396760 894.625894 6213.916452 7
636.781466 328.737977 6214.433531 2
622.713239 311.548212 6221.441557 9
526.483268 899.724464 6225.517802 9
653.163916 284.045152 6252.586356 7
690.537207 250.546698 6268.904452 4
600.653641 939.072433 6278.939079 7
652.698986 281.824021 6281.780180 8
625.720210 296.683378 6295.452087 4
536.797662 988.675093 6298.115258 6
527.419370 904.402811 6326.455046 3
652.811366 264.048552 6328.988957 6
695.175901 231.054009 6344.765675 9
497.587599 978.707867 6355.575801 8
655.493309 285.174286 6360.567229 7
701.925562 251.437707 6371.955231 7
531.090557 949.553903 6373.639702 3
596.127816 931.490628 6386.165822 2
442.626299 938.896867 6389.354341 9
533.419084 950.358845 6391.348860 6
538.634805 293.592573 6397.088088 3
551.480577 904.972685 6400.490107 9
639.343962 274.436749 6408.011120 7
509.216154 995.221229 6408.639334 1
645.306474 277.589268 6414.890894 1
650.693749 337.951092 6417.394693 3
526.270120 948.732566 6425.881986 1
761.399458 237.370249 6443.533803 2
672.012319 295.279091 6459.646716 5
639.680308 278.699126 6467.193502 2
529.939091 948.332214 6473.071150 9
636.851614 243.341861 6488.153709 9
576.748832 261.967911 6499.551078 5
476.144821 895.484395 6502.559806 10
649.467532 272.146179 6512.346039 10
683.017721 251.974078 6523.164079 5
584.264227 943.092506 6532.105898 3
702.933458 333.736167 6533.109592 5
573.633020 266.017227 6533.769261 10
614.965005 259.014106 6534.288513 2
497.261067 985.923289 6545.890086 6
512.714868 951.427417 6557.855306 9
611.933939 247.985501 6580.537737 10
655.216356 283.191366 6587.387239 2
520.561751 915.166624 6600.784352 4
626.716814 338.550643 6604.894365 6
688.045986 299.205849 6610.290123 3
556.800006 945.555682 6611.155284 10
520.409956 943.458748 6620.171605 9
493.415742 960.068296 6631.669280 5
565.532691 913.779752 6652.599242 10
588.245539 270.989974 6657.398726 4
528.398635 947.915364 6665.751048 6
568.052188 938.615108 6669.647858 9
558.730208 960.315705 6669.687550 7
522.716017 947.615766 6671.713177 7
643.094545 277.229648 6679.156405 8
516.935257 946.222846 6696.625563 5
643.484521 325.486954 6699.959151 2
522.522710 951.018998 6721.636438 7
612.279515 318.247719 6731.655981 9
556.841222 1001.571407 6732.001042 10
522.210951 950.012567 6732.606628 7
596.971686 870.643382 6751.671917 4
535.046616 963.291838 6754.397731 2
642.214003 296.422630 6757.115924 2
643.308767 271.613163 6798.352930 7
642.192044 280.199381 6804.185782 2
532.618520 874.196539 6834.888450 6
579.376583 340.688429 6835.815655 10
508.724876 966.871892 6839.981690 7
521.502954 954.585381 6847.625458 6
552.917505 970.814021 6849.365843 2
522.137356 888.886236 6853.449279 7
586.681698 253.268202 6855.200849 7
501.666197 959.112424 6891.609926 3
658.852734 266.288811 6902.422623 8
653.442203 279.837398 6908.350537 7
639.456592 289.242333 6913.914909 6
637.372702 251.777480 6923.560030 2
623.393796 249.758293 6931.967711 3
509.386496 940.915608 6934.889988 7
544.738812 967.525307 6935.139248 9
644.922906 212.506686 6937.627337 9
591.036400 1004.474752 6942.903217 3
550.158548 932.992244 6946.447266 5
552.033483 231.060901 6967.068828 8
452.332886 1005.363534 7005.902226 9
607.570985 952.340200 7034.610798 4
657.771713 243.010783 7038.622142 8
554.583317 973.786152 7064.271167 6
521.274015 952.721826 7070.152220 1
644.223946 281.240982 7104.562444 2
654.568320 222.511604 7107.338712 6
659.714849 260.000685 7134.260608 1
637.161254 255.627429 7135.359018 6
638.078348 303.413711 7151.462699 10
683.549650 298.644007 7177.307976 9
512.004288 947.580922 7180.663799 1
676.234330 275.649208 7185.649749 1
691.142804 412.829416 7189.014448 4
668.487096 257.165798 7204.739988 1
618.921220 282.825041 7230.902210 10
667.177357 240.213342 7242.894775 3
638.934687 305.259452 7243.651679 7
524.085597 945.461070 7257.453252 1
653.006684 290.807352 7269.318988 8
599.904213 283.797326 7278.316769 9
541.073724 910.606043 7292.363708 8
514.807083 901.773227 7301.062921 8
556.953311 944.724467 7353.065185 2
473.644456 968.078120 7368.685670 8
638.907884 230.390103 7378.925925 10
579.136038 221.122336 7380.758640 8
619.724553 301.060872 7381.768934 6
645.674877 290.640892 7396.321581 7
623.687654 187.660426 7411.964278 7
525.626781 950.855189 7415.991299 10
502.356222 917.816705 7448.407725 8
403.825001 892.931153 7462.447123 5
461.784177 887.853985 7464.573336 1
589.120371 265.266962 7464.685653 5
516.593430 950.054547 7465.410427 3
639.889810 254.529728 7466.661326 4
523.232645 946.779484 7466.937145 7
603.673889 221.617827 7472.896851 10
624.381412 286.760256 7477.553801 9
686.388872 307.097813 7490.896016 2
523.578832 950.453732 7508.907438 1
411.883912 1046.009869 7512.981766 5
533.105035 952.909633 7513.039814 3
651.204166 256.628505 7519.494808 4
515.452898 880.318779 7527.399699 10
533.870616 971.152912 7545.057301 10
648.117728 319.579589 7556.854058 8
481.335990 986.512913 7565.515211 8
541.012663 948.600711 7579.943584 5
530.006406 953.090971 7580.251562 8
517.450746 961.734275 7590.469736 9
484.387552 956.601216 7595.117179 6
642.428512 279.295997 7600.003311 6
608.501608 267.506104 7620.400862 6
670.009651 294.623437 7629.400066 4
616.048703 238.980780 7647.232703 9
450.558420 960.918896 7666.470677 9
694.479680 233.861974 7678.977749 9
516.935453 932.284436 7698.488090 1
527.764645 942.689259 7706.044333 2
632.489549 268.596562 7713.129786 7
507.981922 904.884077 7728.192137 10
521.607245 943.007257 7731.697707 2
602.298211 289.842884 7734.543993 7
655.193733 281.776971 7735.125385 8
504.590453 967.096835 7744.843838 10
649.195412 285.875542 7760.957138 6
467.537025 913.405939 7763.342177 7
626.669938 249.491824 7777.504140 3
523.519285 951.028640 7782.479834 6
524.303441 924.058579 7800.127886 8
528.508157 974.117573 7804.142036 3
532.189529 948.977313 7805.913977 9
516.604539 1025.496568 7821.235352 2
653.472580 310.371837 7829.706833 7
583.230536 954.252460 7832.223373 2
538.515820 964.551895 7839.375103 2
507.838090 999.862663 7871.493543 3
514.422812 967.435122 7908.096580 8
642.163101 275.202612 7911.916492 4
519.690127 962.552121 7914.186654 8
663.714978 255.932212 7942.647849 1
697.507469 280.015796 7949.883431 3
527.544141 985.645449 7951.640391 4
654.361278 264.955113 7972.131239 2
540.937699 998.314122 7981.387570 8
677.728817 118.699242 7989.507816 10
485.982844 914.402859 7991.260152 10
517.784244 880.854889 7997.495141 8
538.142571 949.901947 8006.555779 10
633.198912 313.086925 8026.534211 10
624.001821 416.380721 8096.979454 8
658.223663 354.592878 8097.268837 5
557.879938 924.489542 8097.474708 8
659.882977 294.410826 8100.248193 3
579.617968 940.483775 8101.194060 1
702.633260 262.037494 8101.832862 9
563.547339 987.866573 8105.663440 2
584.847112 972.437136 8105.989826 9
476.468394 997.809911 8113.454009 3
644.268060 247.586748 8115.041057 6
547.589203 222.918683 8120.930398 7
689.257564 353.239323 8121.175349 5
491.874016 1033.595478 8121.452223 3
512.340866 959.167135 8137.667659 10
447.899076 1006.991810 8141.539478 7
463.954192 949.427917 8142.204410 1
501.776468 958.657915 8152.157953 5
590.120326 177.508308 8155.881802 7
653.218531 289.677241 8158.528554 10
652.268173 295.358122 8171.901420 4
514.624946 332.039402 8175.956940 3
525.845283 937.641712 8194.173889 6
513.150203 983.717053 8207.457137 9
659.977368 291.613519 8221.461254 5
607.070553 283.472774 8227.657775 8
515.432998 979.893428 8229.638844 5
507.627218 932.895689 8231.191584 7
581.010580 935.745982 8231.919261 2
697.604093 282.053310 8237.370661 10
504.387096 980.459066 8251.673708 3
714.712235 194.355191 8251.743943 6
648.314156 249.202250 8271.844642 10
531.487157 947.491021 8291.352658 8
572.707026 968.698912 8298.444443 6
702.764261 274.115837 8316.313126 10
564.103945 947.080552 8340.778271 4
614.778250 288.279567 8358.012871 2
628.582453 217.230117 8364.291570 10
666.340925 264.142053 8369.348805 2
719.831868 257.804219 8370.488922 9
629.733570 287.723541 8384.559189 2
549.132678 910.617078 8387.523606 3
620.892911 261.656582 8398.137969 5
499.916028 969.751811 8399.537370 1
651.950926 185.897263 8401.370048 5
514.903861 945.998748 8415.314394 4
527.417329 949.682627 8417.400553 10
703.447955 211.569084 8418.640958 7
510.576016 947.955196 8420.102091 3
698.139930 267.873636 8430.349452 3
721.557034 252.248590 8434.996124 9
685.609196 303.889810 8440.316472 1
515.870738 950.106894 8440.544459 8
628.122566 271.904954 8447.686291 6
519.412569 956.484398 8455.975840 1
459.976165 996.888326 8466.412241 8
618.827636 202.979178 8471.538223 8
583.225835 952.909551 8475.560901 9
520.259714 998.011355 8482.515817 5
632.982525 359.662427 8489.935474 6
510.912270 967.729459 8522.428624 7
716.086593 210.012620 8523.593916 4
440.348270 961.095946 8530.179453 1
641.148861 280.331648 8541.999632 3
478.874949 948.772366 8543.942276 5
456.335912 937.843511 8583.837600 10
638.048158 291.844075 8593.538136 8
489.918574 956.276073 8599.569032 2
522.567854 950.339079 8618.238995 10
702.355508 300.850247 8621.828854 1
552.022490 936.680069 8635.475067 3
583.119675 921.516017 8644.327600 3
615.658859 950.789972 8649.309686 1
716.339659 267.118899 8654.782147 8
535.539217 944.264963 8655.503472 7
610.301288 257.888354 8658.178007 1
518.173073 969.231464 8663.059333 5
704.099287 286.603716 8663.137672 10
552.377377 932.043444 8675.794376 10
701.409631 228.428359 8677.575767 8
524.195324 999.870267 8679.072650 8
566.605031 957.748158 8685.243084 8
515.676421 965.987713 8695.186429 7
536.949996 999.106387 8695.968114 3
676.421353 274.346170 8701.334711 3
527.006631 987.080238 8714.071117 2
669.803206 356.959343 8726.444557 10
519.213821 900.712682 8728.267606 8
660.043305 310.947338 8730.942971 10
655.422020 228.939909 8744.798283 4
458.713208 943.177689 8746.452126 3
714.412131 235.549259 8748.013016 3
546.541073 957.689554 8749.698779 2
398.065701 963.986909 8767.646623 4
654.530205 252.616383 8769.162268 4
542.091867 972.848411 8772.691281 1
451.133014 973.854820 8775.251357 5
506.216788 965.766863 8788.575150 2
521.080197 944.123070 8791.724901 2
526.800663 948.636546 8791.900936 9
491.179128 1058.113834 8830.774091 5
673.747379 266.242608 8842.046524 4
616.409517 981.414220 8847.042089 1
523.437486 949.688214 8859.983035 7
650.371715 327.948149 8869.290441 7
613.593094 296.492923 8875.829333 1
518.314324 956.580185 8887.805939 2
566.108856 224.162202 8897.647251 2
579.762878 843.983091 8899.692279 9
676.215475 255.472719 8900.232092 9
643.731374 352.222144 8904.937835 8
597.420508 306.831490 8905.298036 3
483.790189 927.148000 8930.967149 7
683.249431 258.639990 8938.243670 5
571.583306 983.406929 8940.492448 6
619.065388 236.433422 8962.265022 8
642.024249 276.198145 8967.437918 1
657.960957 282.828834 8987.209760 8
555.659995 910.704083 8990.582420 7
497.808245 963.088799 8996.908595 6
645.533076 309.410462 9040.749851 4
682.475276 303.222951 9044.573546 8
502.684789 980.896093 9049.424349 4
573.010949 965.627247 9050.861430 7
511.762174 858.934169 9060.910645 3
632.579913 286.833558 9062.804123 9
528.047027 955.723259 9063.730533 10
504.294589 942.026043 9079.453105 3
672.791228 224.143307 9085.315647 9
524.844270 947.106674 9085.827180 10
502.045928 944.128552 9086.742292 10
595.143637 305.776150 9089.887526 1
656.421212 344.395743 9110.701925 3
445.246385 973.930263 9115.601620 5
750.650457 306.236341 9131.937315 6
634.217232 274.196795 9137.410755 2
647.411928 309.994028 9140.053431 8
606.643539 269.161737 9143.637838 9
633.638064 273.858783 9166.669352 2
516.074956 956.996077 9174.984114 3
644.220411 263.232129 9209.695438 2
485.379473 971.543557 9232.875385 1
593.340835 226.352593 9236.263776 6
519.934025 963.623337 9251.623225 6
519.535635 852.030000 9255.556454 5
519.668713 953.527948 9264.381087 7
468.344786 985.201387 9267.400219 2
497.600664 942.661542 9285.465170 2
598.347359 260.205537 9287.550782 4
681.418275 356.931256 9295.629648 2
646.342446 257.430742 9311.393653 1
632.812716 256.663595 9324.245066 5
523.251862 941.747228 9328.361862 10
531.873688 936.691899 9337.711889 3
553.967304 942.600127 9338.089988 10
708.587158 247.591077 9355.374814 8
616.061221 269.812698 9361.518212 6
647.712130 245.977902 9365.211624 1
526.960653 948.679289 9370.612499 8
527.284503 944.963777 9386.075733 4
518.274036 931.834124 9386.619670 10
663.411468 227.923528 9395.903905 2
630.061983 282.960240 9396.379314 5
495.672708 974.523215 9397.164467 2
632.263281 257.628920 9419.725899 10
561.763365 984.966761 9424.098616 10
504.277318 244.025568 9424.443728 9
699.227563 301.180023 9426.255961 4
519.233548 948.427747 9433.789697 4
625.186085 264.444504 9440.430203 1
548.322260 934.579598 9444.495741 7
548.046666 1030.596164 9444.535835 8
541.712350 882.154290 9444.680127 5
641.967631 276.110604 9456.979030 6
539.913932 878.645827 9457.313697 9
612.738717 332.451205 9460.782167 7
627.228234 302.354951 9475.326116 4
530.234586 939.780428 9482.535489 3
524.862637 949.289666 9488.520657 6
512.057666 950.405501 9500.855444 5
724.988275 209.586559 9504.687089 1
683.340966 267.728362 9524.194219 9
528.512956 931.541232 9528.266893 7
649.059021 270.965902 9538.979735 6
518.670483 945.874932 9584.557486 2
607.841261 238.627435 9586.475011 4
595.195097 937.804253 9594.321714 4
534.197042 943.870416 9602.989388 10
553.788993 1011.035564 9618.958308 5
539.905971 1001.267444 9621.804661 1
590.755813 919.568188 9624.979291 7
470.341600 930.944370 9639.859975 7
525.473288 923.683846 9659.825500 9
641.339353 243.285710 9664.020074 2
576.288960 963.947485 9679.983402 5
633.392973 236.145777 9683.935088 1
651.616274 328.446740 9687.675105 5
665.572574 294.986255 9692.024133 1
676.329364 246.586602 9702.133651 3
512.118753 951.069666 9707.842362 3
630.030938 250.618549 9710.521991 5
515.740727 957.767996 9724.550875 3
638.492103 171.067258 9726.930530 1
697.942205 287.052559 9745.110937 10
623.691869 259.837592 9757.717013 6
656.692359 278.829265 9761.897842 5
516.823207 939.853621 9791.257937 4
584.681856 227.177553 9796.017535 5
645.727176 269.686091 9809.637862 5
512.729303 973.789311 9822.721365 7
536.702357 952.477096 9828.430057 2
492.398743 984.783352 9831.124262 6
686.756367 293.235100 9837.694939 9
568.194497 226.171548 9839.079588 9
587.917245 357.120872 9861.880934 7
598.511195 267.527738 9866.862543 7
467.073651 1001.443599 9883.272739 8
662.119272 337.765911 9884.216425 4
522.264368 949.807306 9889.206488 1
548.515238 1028.767973 9895.606013 8
423.415178 959.541834 9905.617625 7
650.818408 279.277451 9906.479140 8
724.118641 328.087326 9934.994202 1
520.619883 998.798402 9956.805881 10
552.105109 971.927820 9968.519477 5
622.722162 273.274667 9968.726982 4
643.858242 291.944008 9976.034100 7
586.858529 954.113533 9976.733488 3
436.710622 906.753479 9990.173457 8
641.936954 256.995434 9995.957668 7
620.465327 292.886935 9999.697246 2
