100 1000
240.544043 373.153312
151.018949 312.431809
232.116160 308.259795
98.975060 434.675737
259.583683 357.923491
216.439204 339.712934
181.027195 527.701029
238.032802 462.353063
114.020639 327.521480
90.076395 471.993021
84.493333 368.279185
285.923522 380.370843
231.649457 348.920853
252.760671 467.109423
126.512642 479.779854
271.177367 416.117019
260.830497 358.863623
58.975896 346.795364
174.661279 318.662480
66.993318 363.384513
229.860374 347.872583
266.983891 419.394659
234.635974 476.309988
136.507727 308.605799
196.811601 321.329286
147.705155 279.910167
126.256248 305.580781
211.106268 470.040913
64.064675 340.807970
239.418280 484.294984
268.288880 323.477996
75.435325 441.419772
81.017810 397.294179
275.905360 396.236750
77.013765 428.935261
137.506947 478.704230
207.130787 503.921076
78.612982 472.367360
92.495242 373.683169
147.967460 312.152259
58.586949 427.077432
212.081062 306.554511
152.112046 499.523262
272.503377 432.358209
105.083822 358.194586
162.549458 510.589496
208.419645 506.227286
186.848489 492.401149
160.886203 319.710305
211.053958 517.134836
305.486685 363.223771
284.762872 352.127462
212.417528 322.975684
88.293231 338.912451
274.654891 422.752923
264.865476 362.483739
140.200037 308.871285
143.714641 328.109213
164.107857 511.749163
254.669394 402.900855
87.144452 376.471537
176.660951 485.248081
190.422798 500.716175
124.018623 303.249666
218.258575 477.956928
113.232146 415.254072
133.567094 326.860619
102.749974 362.836713
285.962862 373.205090
237.970705 354.485818
114.013023 315.216604
87.640765 368.229585
284.904304 406.012497
161.418336 286.883810
67.152843 389.765901
196.370947 317.247568
95.427871 441.986138
111.964578 311.198194
117.787182 326.030489
118.125110 488.800989
142.705074 314.175438
190.301144 496.960752
103.622057 355.845320
87.704314 413.054397
151.013700 321.849875
57.954105 412.918959
66.712968 408.592614
99.620348 467.407378
199.263701 301.073132
263.705064 430.046723
168.754695 473.758230
273.921249 429.411496
86.199541 347.707533
94.554861 399.796926
119.071082 453.338237
80.233476 360.741063
148.818478 310.807764
266.385253 445.312752
125.058280 338.624592
184.940230 282.705863
246.880775 500.533032 28.791105 5
95.567771 462.768418 42.934749 6
220.369389 310.654580 50.011977 6
186.726782 510.506383 64.163019 8
211.528468 302.866356 76.156332 6
287.946802 351.301750 88.118752 7
252.736043 433.832283 93.104663 1
137.417661 314.078316 93.662929 2
258.289749 444.571736 105.141506 9
252.068115 481.170697 111.844671 4
231.560029 451.786550 117.248401 7
61.884295 452.715238 120.089349 6
217.897433 298.413779 151.756342 10
259.842424 472.151150 159.649154 1
289.872436 393.680842 159.773454 6
173.763743 530.430260 179.925589 6
141.476035 491.768539 198.001758 4
282.029134 441.329747 218.069927 4
184.754050 335.507876 221.341982 1
103.278999 358.171200 222.700404 6
255.449801 432.078789 222.984467 10
117.070479 295.847538 236.598405 9
117.150418 503.779732 245.378448 8
179.802776 512.678161 283.563999 10
30.308286 359.091453 296.022042 9
198.039204 502.164210 305.061238 5
69.686390 420.529992 324.518915 4
216.647560 493.528977 341.313858 3
96.146642 340.279259 346.552656 8
86.706583 398.180615 347.863844 1
196.522944 301.214888 353.774255 9
115.006188 443.944985 372.192029 2
296.796996 368.075822 384.153106 7
159.530752 503.611483 389.164842 9
145.853752 503.321201 418.318025 9
123.652031 488.153634 435.835238 1
86.965918 397.786529 438.091567 8
261.091555 448.975982 458.629867 2
267.759637 413.555218 469.720415 10
270.996150 436.736448 475.366058 3
118.549290 312.623112 480.456954 1
269.353076 434.252298 486.167095 1
196.012728 314.017875 489.400538 8
104.254540 446.754314 493.754432 6
246.020006 332.074354 520.406221 8
195.436071 311.909363 529.307813 5
243.390099 437.199192 531.422701 9
118.494328 483.792644 531.734134 6
92.059100 402.429774 547.917366 4
258.417511 472.479070 572.307480 8
189.294264 482.125771 580.785244 4
218.978876 319.737048 586.810035 4
259.111340 444.379500 608.243218 5
242.607485 487.470554 635.792283 8
229.655259 346.356189 658.784590 8
129.705105 470.103883 660.649425 4
134.073722 373.631780 663.653062 1
199.635295 291.590092 672.578832 3
285.428268 448.644155 693.236832 8
274.309238 442.552813 710.150347 4
94.247429 367.382858 710.165733 3
162.557102 482.250661 715.830629 4
265.541601 474.823122 731.709832 6
53.931397 384.393963 734.052399 9
98.441895 374.918444 737.007395 8
220.190482 474.394750 737.999610 5
100.353994 469.838730 750.920620 1
256.488286 360.827588 768.895974 2
255.136067 366.195147 775.236796 6
228.869666 305.004864 785.980259 8
94.992152 434.654860 797.693398 8
155.830480 285.144781 805.328590 2
129.865510 467.945002 842.809916 2
166.894618 524.929605 870.128846 2
182.698497 519.130665 872.837958 6
189.710375 292.043001 899.898204 6
169.291429 300.530111 923.829467 7
268.718282 443.559124 957.299737 4
232.435022 490.727785 973.156912 5
192.152491 321.813314 989.321292 2
124.618932 497.209603 991.772092 5
106.535077 372.240498 995.573716 9
174.189848 288.560035 1022.360718 5
249.748700 512.388110 1029.144585 3
72.031333 402.892428 1058.396290 2
70.159315 400.971318 1069.963099 2
218.380197 495.327795 1070.298901 2
93.442558 431.346558 1070.674269 7
69.698326 409.862758 1074.015077 8
95.887693 417.655755 1081.956364 8
226.695119 314.420584 1100.101044 8
200.751349 303.316430 1104.682375 1
288.112799 459.879054 1110.078673 6
196.894697 502.486326 1111.765969 10
134.952070 482.737926 1126.914647 3
78.736573 452.054642 1127.881698 8
89.994899 383.605926 1129.039893 2
136.666512 475.757246 1158.310240 4
273.033822 447.655018 1170.483978 7
157.894898 490.856834 1177.348861 7
287.654942 391.013489 1189.737278 7
242.004981 350.585227 1190.637042 8
151.463720 492.217201 1216.438342 3
94.251662 406.621742 1225.530242 2
155.185388 521.719231 1228.552363 1
232.962915 477.321642 1242.499185 5
139.898712 328.156173 1267.050112 10
161.074598 502.638248 1267.877897 6
245.077148 480.412676 1275.389661 9
283.910793 406.525392 1286.361076 6
262.419722 474.390617 1287.075469 9
273.307255 393.168028 1307.725069 1
274.027715 476.063810 1309.371377 1
222.493550 313.016456 1318.571342 7
132.851652 518.527402 1322.772969 8
150.133688 493.530399 1342.978567 9
223.679272 308.413101 1369.559265 3
271.722386 383.502926 1373.552102 6
69.513732 338.726305 1385.701648 1
149.305091 499.501678 1390.461935 5
204.935374 511.482030 1406.963687 1
279.428717 430.166046 1414.050458 8
268.575133 467.991404 1420.868578 2
71.394813 387.481903 1421.171562 2
84.585909 363.097562 1424.724268 7
78.132622 452.226183 1433.519897 9
72.646267 414.542464 1436.783965 7
256.045240 373.606493 1448.173128 9
127.786898 322.424211 1453.756838 6
129.589708 310.630368 1461.828579 1
120.830286 483.335897 1486.718821 4
266.037453 400.333880 1511.622918 2
191.230845 315.160240 1520.804718 9
264.500371 369.693878 1536.605205 5
138.992604 314.757830 1540.401460 6
81.621286 407.581496 1544.995324 5
117.759009 315.926650 1547.848441 10
100.749845 446.629307 1551.951480 3
258.229715 434.710092 1567.727677 6
185.183219 327.191744 1582.686023 2
135.870372 475.932667 1587.859590 5
126.254081 497.820328 1594.525649 8
71.511068 464.979856 1641.823301 9
93.270957 369.568357 1651.795692 2
265.515269 408.000628 1657.320498 8
91.202803 356.906502 1676.414602 1
233.942759 335.652420 1677.319873 9
84.539205 381.165512 1694.019595 7
85.033839 400.830780 1697.807962 4
268.143313 375.588126 1710.013421 5
60.259257 414.430175 1710.431468 5
72.405520 428.388492 1715.480190 5
258.907841 341.217765 1724.306662 1
211.530285 282.744862 1736.695393 5
41.372949 375.008629 1737.382219 10
77.877781 348.356391 1738.067230 2
197.411565 286.663117 1741.287555 6
218.687167 323.434427 1761.428870 7
150.806720 473.952396 1770.812430 3
301.577735 404.920008 1770.820297 7
159.128938 472.737486 1812.834025 10
88.795964 331.459862 1816.779177 8
69.733918 341.379872 1832.446890 3
220.710321 285.052017 1841.750299 7
169.128769 499.609169 1860.912400 5
78.013533 433.569882 1862.267049 10
102.437342 320.839424 1883.404057 9
257.587658 481.468703 1892.427368 2
180.434184 499.440144 1893.015162 10
257.206852 410.762295 1899.750223 4
262.653287 318.728674 1902.533406 3
261.309069 470.137056 1916.993929 4
277.149988 367.070113 1927.723306 1
241.124138 439.858545 1945.355667 3
226.448399 518.525811 1949.220968 9
266.227257 345.337059 1951.153491 8
261.641089 469.024980 1957.736961 8
217.437219 489.204206 1972.016722 3
229.924348 302.771946 1987.845146 1
232.023960 355.934356 2003.578033 9
138.946126 472.917999 2031.215156 2
147.469969 493.727769 2036.527027 3
204.994247 497.374659 2036.972110 7
136.516533 507.993382 2048.432164 10
226.530560 325.789939 2069.990871 8
98.916850 430.871128 2084.363202 2
228.773800 487.902699 2085.980286 8
276.950141 373.344494 2109.162933 5
79.162014 410.137849 2110.531848 10
37.372518 445.237313 2113.042026 5
114.851111 340.418045 2148.435806 9
256.782513 471.047534 2153.479368 5
138.413205 354.892417 2153.682942 2
273.419351 377.731879 2175.489627 7
90.135497 324.183598 2181.467072 5
166.577641 300.357313 2181.916516 7
113.167257 325.760539 2184.804551 9
91.936064 464.796314 2200.901477 5
217.896937 482.681330 2238.722356 1
61.227924 439.513177 2241.614104 7
293.448393 375.042023 2247.408220 2
91.377947 464.935106 2253.242793 2
72.966639 416.146307 2257.988542 2
281.167891 450.867260 2282.749539 7
216.837970 471.915863 2287.129999 8
102.094342 487.149340 2294.189179 2
287.874737 383.933395 2304.488047 1
261.659521 346.446663 2310.369964 1
222.148623 507.304005 2339.643475 10
61.073426 398.131088 2347.993487 2
244.448683 404.273606 2364.380349 10
258.106512 373.128406 2398.548237 2
192.631098 499.368769 2402.226263 4
141.224761 501.217077 2412.089560 10
255.609136 345.866176 2426.603239 7
73.831336 452.522563 2428.230388 5
148.212935 301.038077 2432.088576 5
260.991970 426.307540 2432.560868 9
252.943423 387.627931 2437.707918 3
287.345250 370.930865 2462.234840 3
121.194580 501.028869 2492.862961 5
210.843024 307.356164 2503.036715 4
94.235039 455.284538 2522.309658 6
285.702442 393.741822 2550.676791 7
124.069589 451.226636 2551.729803 3
105.268338 401.031952 2562.729573 8
120.117299 447.197669 2597.948371 4
268.568762 448.596907 2598.580831 2
194.281409 477.181151 2598.891825 1
92.308171 452.404429 2600.975190 6
167.211650 500.875134 2659.756524 7
262.419050 422.395389 2665.218033 7
101.184878 359.183794 2671.564546 4
144.402806 345.098033 2683.713314 2
275.317821 401.954085 2692.344509 3
161.301677 307.431279 2692.364722 2
96.002951 440.927975 2700.569308 9
123.903246 339.606972 2716.923621 3
95.223615 437.087581 2719.233442 8
119.191085 319.426899 2720.481325 7
241.439384 473.580290 2741.434600 8
265.260435 451.444002 2755.019968 2
75.766135 439.327735 2866.813717 5
283.060047 427.613052 2876.649933 4
110.654341 457.452994 2882.495973 1
90.029110 340.656922 2884.948490 10
269.423707 392.651427 2902.641982 8
80.539060 387.466408 2904.125996 2
246.568747 343.353238 2918.505107 1
143.285842 506.882845 2921.963471 9
55.885487 440.289437 2937.051268 5
196.839200 311.192922 2942.509861 7
73.379634 378.532576 2949.108531 5
80.710813 399.223508 2950.712099 3
102.247744 337.792117 2952.526857 2
277.850626 436.206406 2959.998981 4
87.733036 372.471962 2963.151528 8
197.392583 515.826278 2977.995653 6
206.955560 499.336546 2997.952503 6
102.864414 465.369008 3005.615228 1
277.732037 402.674125 3006.129853 1
219.893210 508.757254 3015.865003 10
173.645672 504.148275 3019.871199 8
239.412273 509.603409 3023.280878 5
130.945784 489.219354 3047.466740 4
89.173662 469.262950 3077.198001 5
79.049040 371.277285 3078.048755 4
276.575187 384.756143 3079.359252 9
114.074864 489.628131 3109.486518 3
275.020242 412.898364 3127.179070 3
125.970945 350.119749 3144.884311 5
79.866976 347.072976 3197.262480 2
180.109350 492.180616 3205.295478 2
270.922198 457.590817 3229.381620 1
76.039010 396.187966 3229.679075 2
145.694105 475.842978 3233.519552 10
274.685139 357.656962 3237.132400 6
111.331064 319.559541 3251.370649 2
57.834105 436.251112 3256.003178 10
229.137523 319.778272 3260.506129 2
136.268765 290.035769 3267.570696 8
145.133482 501.170173 3277.311744 7
80.016355 382.590293 3279.608128 6
268.962296 385.826920 3281.600366 4
76.304171 369.942471 3282.971428 7
127.603500 327.195323 3285.982215 9
68.232156 446.434158 3287.968072 9
196.114243 313.807028 3300.614034 7
102.610614 339.866508 3305.722070 4
231.381082 482.966568 3337.032262 10
157.995664 294.522626 3337.473040 8
94.010333 436.063042 3357.271005 6
118.278835 342.254112 3370.819838 7
181.354841 496.727887 3373.008969 3
191.453984 312.134542 3416.638665 7
143.720682 312.490793 3420.163321 10
221.402902 498.987334 3420.808336 9
116.863753 465.690102 3432.204848 7
84.421807 398.346901 3443.583325 1
225.831406 471.711412 3452.651269 10
210.570487 494.788806 3452.660099 4
171.581400 277.360182 3464.561329 3
80.784291 409.003073 3468.903111 2
230.071348 317.097197 3470.066818 2
179.612881 478.381032 3472.172977 1
269.399089 453.489017 3480.481694 7
214.761537 321.860347 3489.925888 3
232.087320 483.264375 3496.198864 7
152.222707 476.518611 3508.627814 10
65.099868 392.650349 3509.292034 7
234.279434 358.137704 3557.090647 6
187.678018 491.082382 3587.265969 4
110.264040 334.688119 3590.806012 8
271.137155 333.953878 3593.483664 10
207.229877 313.677076 3593.965657 8
128.339886 311.868069 3599.772850 7
125.375277 355.740984 3601.072612 2
272.323365 416.800074 3622.414328 3
101.086609 353.521238 3629.114322 7
89.420599 478.467621 3629.568889 2
192.986812 336.762360 3636.934900 2
70.282721 396.356240 3645.591837 3
246.892445 482.188578 3647.272750 1
231.836432 485.354822 3666.508612 3
108.714115 354.906506 3680.007778 4
240.417761 495.191197 3684.505320 9
120.387820 346.125729 3690.510795 2
155.420560 484.820648 3692.373395 1
63.963476 432.691927 3709.693942 2
66.381344 368.889348 3712.178714 6
80.145325 403.407055 3727.780783 2
72.951645 423.482654 3733.843336 3
157.768740 288.853395 3736.857314 8
167.048293 314.260040 3737.171845 3
262.600184 326.070974 3743.343006 7
225.885625 350.145659 3765.092224 1
76.990655 331.733941 3775.805802 7
256.131463 453.672479 3784.022766 6
219.894201 453.467314 3802.162636 4
226.143547 506.860675 3807.580872 6
127.901618 327.754045 3813.094177 10
127.409480 504.374087 3821.976539 8
165.567855 331.855230 3823.474767 8
221.008159 318.471868 3827.371944 9
190.566004 274.682014 3836.656927 7
270.805449 429.953220 3837.558195 7
101.551618 324.889286 3837.787162 1
160.496556 311.982375 3840.224588 5
197.368167 294.757031 3871.273730 4
219.812650 335.189384 3883.370890 3
166.666885 317.322058 3883.622895 2
264.348756 335.166931 3885.971621 2
92.781512 493.974547 3889.483013 8
271.408412 372.837725 3889.777780 4
115.590734 507.398710 3919.947017 10
88.871300 395.226384 3938.715983 7
276.187189 446.563732 3944.439340 4
77.859758 482.350875 3944.859942 2
230.152000 289.008994 3952.837812 5
137.344895 489.979394 3955.069026 7
89.792610 369.048695 3964.789811 5
284.659662 391.833404 3969.821522 10
150.716145 495.207499 3974.758713 6
208.584532 492.966007 3976.649827 7
77.399012 399.457633 3978.775950 5
151.816985 522.212857 3982.821576 6
229.763798 490.228865 3983.123212 1
134.381212 510.173701 4010.395906 4
152.033912 494.122967 4017.123479 8
196.217952 316.120472 4035.334296 5
97.157400 441.205214 4048.676798 6
240.058523 484.162245 4050.996293 3
193.125026 311.093869 4051.268756 7
71.222453 444.923632 4053.933916 3
286.053821 432.101832 4072.584731 6
271.107966 434.283204 4073.170902 3
155.725233 310.271269 4087.432787 5
233.426257 461.591887 4091.008848 6
206.436120 482.037644 4099.554518 4
229.362103 315.140213 4104.710581 6
88.433141 417.990047 4134.363187 6
185.218197 475.082025 4138.930151 4
98.909614 357.775801 4140.227099 1
133.621418 466.834238 4140.421725 4
250.611014 368.150122 4143.895033 9
106.860971 481.386477 4173.770563 4
94.430162 334.974179 4178.805505 9
216.688139 494.589970 4180.516024 3
83.435292 415.545430 4185.859180 2
245.586269 325.982048 4186.694255 9
273.300039 352.788776 4191.736127 2
82.911390 389.023576 4193.119719 9
181.747370 505.906275 4201.590744 1
228.850052 470.957670 4208.298358 5
52.944454 413.387341 4223.952749 4
179.767287 286.859893 4255.015037 10
178.722357 512.049743 4270.189969 6
156.827212 521.701808 4271.758794 7
217.775499 336.961383 4273.462857 2
163.145650 318.349182 4285.150151 2
217.380056 322.622049 4285.168693 4
258.927265 382.816029 4304.345106 5
174.052530 504.303169 4324.448010 1
211.496023 508.573647 4341.520162 8
199.621152 499.964981 4346.988764 9
86.751707 451.553391 4351.778855 4
249.417298 471.486195 4355.820837 5
211.695124 315.829873 4361.918506 2
68.584725 384.395061 4370.427113 8
95.704237 486.553779 4382.808259 6
265.400653 393.034468 4389.954835 10
129.082461 323.520884 4395.131851 4
114.545796 461.749476 4396.053532 4
276.464434 441.394798 4432.456896 2
182.239710 294.252594 4434.024614 7
164.166543 334.291251 4450.367293 7
278.814760 404.290793 4475.237133 3
161.611300 313.812065 4476.320854 8
136.332910 296.700437 4480.636691 10
254.963343 346.989889 4480.813231 5
245.597727 497.102243 4482.308442 1
194.186901 317.649057 4483.679722 10
267.614883 418.990329 4486.625015 5
189.315564 476.400870 4491.532327 2
77.616435 343.619382 4507.068711 1
149.319116 292.077214 4513.671765 8
265.529661 442.594682 4514.827550 10
121.392553 501.956108 4517.938855 1
208.161640 504.197432 4524.267522 6
262.038511 428.156325 4535.755094 3
227.839520 514.451534 4536.247016 1
248.149218 366.374727 4537.192314 7
266.217391 447.835131 4544.829440 2
98.215387 476.717519 4551.449314 4
271.449669 351.406542 4574.642881 5
242.112027 516.577990 4602.089833 5
105.159910 473.296217 4608.599279 4
218.377919 520.608223 4625.791571 9
69.545865 460.833318 4650.950296 7
269.082430 335.029201 4654.106426 2
232.822739 485.592515 4709.762521 3
273.900678 456.498165 4709.946888 4
136.448520 493.909733 4714.041942 9
260.124554 354.279700 4718.041492 4
249.603433 454.941575 4725.523327 8
138.542100 525.839148 4726.555697 6
104.526096 464.872470 4735.073418 3
96.715473 419.886007 4764.832445 5
261.750326 341.352593 4765.046538 6
101.817257 461.624076 4765.159653 7
130.904315 315.917719 4782.884281 1
239.397142 302.995517 4797.954655 10
162.348199 483.076828 4802.630777 7
143.273188 322.149740 4811.442391 9
219.325499 292.468205 4813.672384 8
180.524244 485.856543 4840.983942 2
134.542091 287.652267 4851.609158 1
80.026567 413.764520 4857.579366 2
124.286161 458.505900 4872.720030 3
259.811984 432.300147 4875.726003 10
312.790069 403.927216 4902.351368 2
77.651485 372.900644 4965.114528 5
113.075897 504.534113 4969.983012 5
134.010452 486.851842 4971.981993 4
173.510253 326.117025 4985.130604 6
107.984544 499.527307 4985.248411 8
132.481823 342.956870 4985.437692 7
66.048367 397.918070 4988.678873 2
229.263858 518.691835 4998.372650 10
177.596428 490.885168 5002.586415 9
148.909333 309.546827 5015.757520 1
264.774777 421.463294 5016.337551 3
108.008076 320.181667 5035.095630 6
79.158834 428.458773 5054.902633 6
80.845416 437.006457 5061.509898 6
228.862135 462.316354 5072.446324 5
64.429705 442.000603 5077.617569 2
82.795438 405.975355 5079.109378 3
271.623751 412.709653 5079.815300 3
88.593724 383.300297 5083.841862 6
116.059518 342.217619 5085.102411 6
252.150854 450.929808 5085.350280 2
63.746101 423.810002 5097.821661 8
72.501817 414.472847 5106.592555 10
261.890384 383.326142 5111.363015 1
273.559015 384.315172 5119.859001 2
237.247003 339.483774 5130.974540 2
255.713547 474.506717 5131.035927 4
142.583379 518.125142 5133.539311 3
259.979543 454.553758 5135.173355 5
131.736624 331.609328 5144.719093 7
182.356131 307.065332 5145.870777 5
248.444865 462.523162 5145.990834 8
106.008221 359.930412 5152.023151 4
58.133646 419.935334 5157.745789 1
152.017766 491.432683 5161.269847 5
246.628854 329.421436 5176.036929 8
279.224383 400.154046 5182.523200 5
281.042723 379.877584 5183.902914 3
278.846726 327.968662 5188.393820 6
103.892550 321.585444 5188.457682 9
185.709727 319.201717 5202.621618 3
255.698411 429.806621 5228.929906 9
249.731406 478.269983 5249.065498 6
292.219212 435.999735 5264.315069 2
260.490321 387.841814 5304.698612 2
91.972943 319.889760 5306.297220 3
103.398009 491.154521 5309.489709 5
79.153452 400.846286 5323.623512 10
175.202643 299.859596 5325.652408 1
219.369010 310.860880 5337.386602 4
200.208902 510.563744 5340.887558 7
161.843478 492.250466 5343.604460 1
91.228206 347.790579 5349.253499 5
165.794371 482.020790 5359.129982 9
269.001383 403.427851 5366.953100 1
145.778943 320.521554 5402.615458 3
117.933006 328.687374 5403.943606 6
233.743991 313.676334 5407.462558 10
81.469312 459.253607 5416.436073 3
128.876346 320.645252 5422.630818 10
146.728622 464.730070 5425.140946 3
240.417325 490.621499 5445.999615 6
114.509477 476.158804 5456.025779 1
122.469652 474.737845 5470.386334 10
106.552110 443.268089 5487.218498 2
197.436645 513.591327 5516.487952 8
257.912703 511.627822 5518.181842 8
246.982171 331.532572 5527.742222 9
209.664160 478.817962 5538.169595 10
227.702855 308.533974 5547.839792 1
134.884223 319.183057 5550.651045 8
267.169550 416.483020 5554.086135 9
214.470387 290.969359 5571.118582 2
91.950822 403.723977 5590.581353 7
143.703571 516.644957 5603.057126 7
136.873020 315.201045 5608.457473 4
80.696359 442.282179 5610.770544 2
198.061280 324.114052 5618.376742 4
195.677664 534.660445 5624.780619 10
102.624014 480.180115 5633.117546 7
276.848381 441.241262 5658.403884 9
212.629600 321.861709 5671.977474 4
64.381141 381.918376 5673.317758 5
269.182914 447.220080 5674.680565 3
182.244732 517.665921 5675.504836 9
128.970549 318.225110 5677.878764 2
280.165221 392.232873 5683.400724 2
264.180668 326.834920 5703.831925 7
259.060518 324.742409 5704.858696 8
155.588337 346.532987 5710.869578 10
99.045064 393.032274 5712.249938 6
272.858966 440.676703 5731.621990 10
80.534222 414.600811 5733.187183 9
217.361064 472.514319 5761.572503 9
79.853710 335.342678 5788.756331 9
148.680710 336.792431 5800.499465 2
137.757865 490.561136 5810.624086 9
83.335297 443.517128 5813.450107 1
215.418472 470.630308 5872.071531 5
59.606281 386.570420 5872.821143 7
122.220505 313.551281 5877.367390 3
255.123944 481.912101 5890.241965 7
243.919527 494.853224 5894.211986 1
162.647730 499.424163 5894.896297 7
103.281172 520.698182 5903.650236 6
88.782758 395.603169 5910.856498 1
85.157570 362.461230 5913.183283 9
155.559834 319.937477 5916.418038 5
165.560233 325.866597 5947.152408 1
178.724832 297.573744 5958.519916 3
107.572763 461.459324 5962.976602 10
178.436078 328.423850 5963.741171 4
175.264876 495.542216 5966.454341 1
259.979960 437.047652 5970.068722 5
167.229726 505.111434 5977.435262 7
241.142622 332.153825 5978.449020 6
149.266331 497.084968 5993.096358 3
130.595714 327.085071 5999.026741 3
210.955132 495.438165 6000.498242 10
75.052051 411.743009 6002.056920 6
257.184944 335.935885 6016.621843 3
257.206373 437.981069 6045.477916 8
68.474152 454.252452 6055.654784 8
91.678282 380.662884 6062.106954 3
182.533680 313.493626 6078.680099 9
238.676144 483.200533 6079.361608 9
285.084876 412.050475 6087.844152 7
260.822438 475.956662 6090.622164 4
67.001938 414.476949 6095.560648 7
98.336906 461.053400 6099.310220 5
260.118611 456.146986 6111.887863 9
299.284825 399.094893 6113.997333 6
255.381326 470.622431 6137.586605 9
283.362654 315.944908 6137.976195 7
145.661136 513.755162 6144.436338 9
285.756110 460.820416 6145.620339 6
89.386228 358.823009 6149.939314 10
129.524737 489.596081 6151.068589 5
108.160454 449.272387 6154.921327 5
90.015047 467.956218 6162.815338 3
246.420031 323.524208 6167.322145 2
129.901276 306.147613 6168.170166 10
158.205136 536.087469 6170.447217 2
129.628190 297.232782 6178.002753 10
64.052075 465.662262 6178.765847 6
72.607400 466.034172 6178.983555 10
271.944117 471.381391 6186.688910 1
241.712747 330.470432 6207.780178 8
83.797756 467.002211 6213.286763 2
170.455196 299.287910 6231.878207 4
118.290004 319.753368 6257.443930 10
66.875761 380.418337 6272.287279 1
280.251781 424.211638 6276.096967 5
249.579485 466.375903 6276.239899 6
256.169414 459.321212 6302.586078 10
253.561823 483.800587 6303.637681 2
277.420272 357.255434 6303.822919 8
87.960355 428.531526 6304.955994 5
91.109764 326.025506 6311.905163 6
138.595270 317.803973 6321.271514 8
64.740936 446.187426 6325.146108 2
74.784356 399.092890 6338.381814 9
62.797690 332.521677 6347.254364 9
190.709507 490.955387 6348.671817 7
86.885381 328.334446 6353.749155 9
159.506491 502.748069 6362.615330 2
212.891239 507.720834 6378.727890 8
269.620518 326.115891 6386.239256 7
231.653414 329.723780 6392.082678 2
233.542385 437.914447 6400.341933 1
133.627609 513.873693 6402.313403 1
250.513546 366.149060 6409.560629 8
163.920332 510.296653 6410.518205 9
272.277589 379.863609 6444.960205 6
294.594189 429.100045 6465.474800 10
293.504759 432.244728 6470.528883 2
247.066882 367.298065 6472.702356 3
200.467448 502.497376 6482.865799 3
269.014963 373.827011 6492.995200 6
258.223866 436.718396 6497.843587 5
177.989251 309.973268 6501.489569 3
202.338637 473.806255 6504.346344 5
83.684626 372.206409 6507.712531 6
87.831841 372.909577 6508.258969 9
97.239648 451.948358 6525.521419 4
116.529800 490.419986 6528.664685 3
252.009963 479.429720 6549.734956 10
77.832525 416.206082 6550.543318 10
121.011506 482.679311 6555.548915 5
238.478822 340.014646 6562.232433 3
268.589549 407.747978 6563.539108 1
219.779695 325.304511 6576.992046 2
237.678012 377.864444 6585.164775 4
280.541475 461.203560 6587.075007 10
265.525917 389.718859 6592.408493 3
108.344433 343.721736 6604.186685 2
197.652496 322.915879 6612.633210 6
234.110679 357.927320 6654.632708 10
149.464215 515.063025 6655.729309 9
125.687905 494.183988 6666.201428 1
169.964655 526.978785 6684.219156 3
62.070179 395.743636 6687.486657 8
164.995886 304.941180 6695.803264 2
52.260653 397.646893 6700.763326 7
148.198649 292.936303 6704.736802 9
260.354257 373.072573 6719.936988 3
172.987277 311.604187 6722.161413 6
66.595744 386.035968 6776.010886 3
132.451138 300.593840 6797.388929 4
190.862250 318.930322 6803.825560 5
262.313988 326.269094 6813.585877 4
280.356529 375.423431 6831.338166 9
209.147301 527.994632 6832.035482 1
80.861819 432.518289 6833.518894 3
229.012736 490.719009 6846.531715 4
67.002067 410.363363 6852.677277 4
99.008835 482.067876 6854.815408 6
111.895955 430.073446 6856.153691 2
238.134003 469.322132 6866.573609 6
298.765194 427.905013 6873.643920 7
256.550612 427.201726 6891.745997 3
155.519973 514.673900 6895.674589 8
93.969790 435.954219 6909.523508 2
275.906773 423.740531 6920.048693 7
133.897747 297.224606 6933.408004 3
289.464278 384.804160 6951.337337 8
176.222723 297.697475 6951.963386 10
121.228289 471.487105 6977.694251 5
192.043438 291.161144 6990.620859 5
224.328425 320.774184 6990.974992 5
97.904889 472.025833 7017.636858 8
230.884861 458.636049 7018.822131 1
66.261168 397.173229 7019.794087 3
240.844986 479.175535 7029.831958 1
170.742080 283.226066 7030.893714 3
279.153465 374.510964 7038.209868 1
96.744524 470.741899 7043.952717 3
234.507018 319.872634 7046.594362 1
77.015281 348.268917 7048.318622 7
73.417972 384.581818 7068.698143 8
233.563811 328.909824 7079.050368 8
285.273495 407.336735 7085.405368 7
218.724539 508.187791 7096.871173 7
275.064929 417.743627 7104.177352 5
247.889024 355.785028 7117.398667 7
119.672420 359.998819 7126.659970 9
158.112409 508.389175 7144.337255 9
141.063769 458.702619 7157.860959 1
121.513099 318.235415 7183.617209 3
174.078366 473.208678 7186.791192 8
161.077767 310.117929 7193.709515 5
151.790292 506.133036 7220.607222 8
132.553729 464.905101 7221.455585 5
283.658361 360.645753 7224.385585 6
139.728325 479.317936 7227.731835 6
77.354254 403.564716 7234.051266 7
259.065915 404.036204 7247.585844 8
230.583381 488.417572 7250.575200 8
205.211225 309.914746 7254.467656 8
247.422015 365.013592 7256.664189 3
298.386458 413.421276 7261.451534 9
142.317262 308.380697 7268.938880 6
273.108024 379.311998 7283.635126 8
160.478848 478.308034 7320.278180 3
156.529908 505.218277 7331.452716 4
238.221227 433.695779 7337.974531 9
284.009424 415.301515 7339.404231 5
255.791951 411.570658 7349.776660 6
92.219508 330.366725 7359.104459 7
62.667982 382.194860 7362.353714 3
80.868766 438.584298 7369.354797 1
244.925307 342.419733 7384.237578 3
137.066247 306.923522 7394.419283 8
255.838513 389.903173 7400.861971 6
197.317265 483.499472 7426.266971 3
100.093033 329.040183 7435.208066 7
214.646895 505.343172 7453.813063 7
148.063600 297.349215 7465.909136 9
56.579431 460.779268 7479.448747 4
248.420554 349.668455 7486.019264 1
86.673607 404.577768 7486.733608 1
150.137983 312.767056 7495.939673 7
247.272808 329.531799 7499.669567 2
237.200386 338.339407 7534.315400 10
154.777381 516.185109 7547.380585 4
78.546918 364.906922 7550.374996 5
193.232144 327.191914 7551.573279 1
262.086377 472.525574 7562.242017 10
189.162756 295.294054 7567.889834 2
187.778278 286.878036 7568.208833 3
287.629059 436.904204 7572.927106 9
210.946737 321.259142 7591.214860 7
120.536197 328.186370 7639.321441 10
92.089199 377.905379 7640.820738 9
136.029940 306.752507 7643.996316 3
247.225141 478.541668 7645.752465 1
101.290844 335.480247 7647.034142 10
260.052040 470.914160 7649.661463 4
258.297775 380.029733 7652.126381 9
169.795201 500.165133 7654.594644 4
164.912689 504.696181 7656.505625 7
243.294700 505.639439 7659.731706 9
293.889463 336.269650 7668.487254 9
268.202185 375.285512 7676.729098 8
162.394206 498.537202 7693.567425 9
125.298857 311.333827 7710.865053 9
242.721513 329.289414 7713.352240 7
78.635444 399.043849 7723.369337 5
276.834149 349.204017 7733.686111 10
237.352161 301.818592 7737.474351 8
232.022561 318.689752 7754.805537 9
165.759272 291.640310 7755.996625 10
299.119097 376.971677 7759.273536 7
133.945722 335.945581 7768.627165 2
157.649535 493.538797 7769.137916 1
211.178358 312.113260 7786.186362 6
139.212474 493.841399 7796.446723 10
187.654551 327.726307 7800.387837 7
258.266156 342.686357 7803.377620 9
264.415439 353.026362 7804.690066 9
125.642346 343.668132 7804.939478 9
214.748071 305.778615 7806.881588 9
253.809512 325.147081 7810.687650 8
230.285655 332.632688 7816.051733 7
66.141574 373.200984 7816.479810 7
217.359915 337.983170 7864.158886 7
266.584100 362.778950 7864.565201 1
257.108407 413.206815 7866.476023 2
267.791119 387.769908 7873.424015 7
178.917144 314.723109 7891.470109 3
213.719883 512.404908 7898.900136 4
78.131102 442.268125 7899.722044 10
66.531163 395.136263 7899.736264 7
130.173202 466.738219 7903.616525 10
240.178171 338.205581 7914.368655 9
85.589814 432.586801 7920.255236 4
214.926909 474.178449 7925.976499 7
249.136871 398.716156 7930.616912 5
80.994263 362.126089 7933.784579 5
106.272345 461.184088 7937.863631 4
104.178229 341.050799 7948.581175 2
133.635429 486.574322 7957.253899 1
280.513558 448.651272 7965.684670 9
131.639553 493.259030 7977.143061 6
121.845254 474.597472 7988.078182 10
135.092473 502.274948 7992.141636 7
73.786690 355.066303 7992.910890 8
119.861879 513.141688 8015.344262 7
127.754501 305.364059 8018.240753 3
285.316754 492.846686 8020.862432 1
81.038909 471.164463 8028.223671 10
128.888709 525.662340 8051.807547 10
134.484857 475.818805 8066.698081 7
259.829572 338.820682 8071.338358 5
210.871336 309.113983 8089.003454 8
124.816040 489.049492 8090.723614 10
228.023654 318.018663 8113.372704 3
165.793816 513.641113 8113.885649 9
228.103660 465.676937 8139.425946 8
102.212870 356.752719 8181.273778 7
93.692384 346.316839 8184.992266 8
170.931253 290.129019 8191.124799 7
118.672867 486.510743 8199.713394 7
72.115758 476.031771 8218.773516 5
254.406884 439.104734 8236.533910 1
239.660050 335.897572 8237.176787 6
88.931199 385.582549 8270.945968 1
214.210521 473.964573 8282.784650 7
91.169066 427.666412 8285.949369 2
201.459370 329.997494 8312.528240 10
129.748234 500.804946 8312.940993 3
150.571090 326.998119 8345.412823 8
124.530911 307.295914 8361.257927 9
276.684796 299.791882 8363.359499 1
170.772229 304.845288 8365.725215 7
272.850377 496.330218 8369.234247 5
75.068885 437.799557 8370.641196 3
248.585536 447.681536 8372.876720 2
77.444068 456.355825 8382.339127 7
88.037753 379.580289 8389.596195 9
215.649200 333.597145 8399.822046 9
183.711720 308.651855 8417.397022 2
156.954537 497.554015 8418.846579 1
184.216014 307.292443 8450.193178 1
233.277090 476.174326 8455.471115 9
83.849075 462.070222 8465.967974 2
107.707982 326.917079 8509.980159 10
82.790630 413.746073 8517.969117 5
91.873201 478.862937 8521.010427 5
270.888844 465.516237 8532.080048 10
205.103722 323.659837 8543.242009 2
145.268319 488.727104 8551.858135 4
273.989538 416.108892 8553.539947 8
182.483417 297.801982 8554.836994 4
268.559408 423.192342 8590.680508 10
150.125420 489.839951 8611.928065 1
186.458287 341.693535 8616.414310 4
236.788676 468.080414 8625.698156 6
116.650597 327.792010 8626.886592 3
184.720178 509.221696 8637.823196 4
81.216691 393.277734 8641.895169 7
141.047855 341.735119 8664.970549 9
145.699035 515.492196 8672.837316 10
132.099424 313.419928 8689.829805 6
267.680551 353.330891 8707.758769 10
141.442889 344.864607 8711.016625 2
60.784265 426.645260 8712.271916 8
301.429419 394.559779 8718.510828 2
86.851451 443.854529 8731.049555 5
207.971136 303.395398 8748.202469 2
204.191257 511.352107 8763.984543 7
91.219856 350.100381 8770.340959 8
175.170065 525.536632 8783.841389 3
60.076606 431.267826 8785.160552 2
255.524942 457.078384 8792.239168 8
177.923762 516.488853 8799.721682 10
230.974093 512.055281 8800.937340 6
240.682267 427.574475 8806.955569 7
220.122832 321.953434 8810.168853 6
152.177903 329.543596 8811.484611 7
230.385902 315.142340 8837.841484 1
111.777269 304.241720 8840.446023 6
74.551217 459.329825 8844.669945 1
192.745519 483.486868 8868.878219 5
228.925557 490.637294 8872.504246 1
237.082269 308.341651 8883.844941 4
181.435675 315.886402 8886.996880 4
101.016175 407.521380 8901.865271 7
128.782607 512.490801 8903.690371 6
203.043683 498.436087 8905.664995 7
231.370952 347.461775 8914.327949 4
121.730774 336.603731 8916.315532 10
192.341831 520.475734 8930.536090 4
201.466092 278.297700 8931.922900 4
56.983411 409.533261 8956.570975 4
274.999079 410.796599 8964.403312 10
179.801535 302.140835 8966.330201 3
87.877965 485.680679 8969.666909 2
99.237278 453.511471 8972.593659 2
256.486900 444.472146 9010.168666 9
204.377347 308.503211 9013.544957 6
277.099234 381.434340 9036.888880 1
94.124110 350.315799 9040.006223 6
85.340684 349.131833 9045.594714 4
158.961675 493.817525 9051.250721 4
163.857530 302.320013 9069.332596 8
87.597239 446.527690 9090.927821 5
250.590891 333.279356 9092.790389 5
261.044580 491.081076 9098.576549 6
193.414505 302.434892 9111.416245 6
271.805222 323.569089 9112.349683 4
233.122557 479.331418 9164.075628 6
224.981131 310.685047 9168.957792 3
133.665184 311.232607 9183.609954 5
76.529566 368.174609 9185.516664 2
67.531878 401.718196 9220.034097 8
213.714278 307.010349 9228.804626 10
93.478911 329.459528 9230.491548 5
182.783575 330.272589 9243.856661 4
181.407961 507.638942 9258.559532 5
159.976306 322.005194 9260.725412 7
101.335628 445.159606 9262.348394 10
262.803844 407.636402 9273.272506 7
152.243666 499.350402 9278.433242 8
268.191158 356.261603 9285.448074 4
247.256216 384.177813 9289.587194 8
89.176747 448.088926 9309.425706 1
78.331632 365.400386 9313.744014 2
205.391415 336.703387 9315.512237 5
155.609909 319.481231 9316.528736 10
191.015649 283.337250 9322.302730 6
134.462789 466.424475 9328.043824 7
96.131485 415.698342 9328.172707 10
178.069118 500.749384 9336.502188 2
231.210166 440.725226 9355.252803 8
268.163073 407.148303 9372.276976 3
224.258716 459.552845 9372.663530 9
139.855379 501.482836 9374.080202 10
97.975176 340.942124 9378.944832 5
218.386325 499.202239 9382.344070 6
215.475215 323.124983 9389.722762 5
123.414303 486.312859 9393.964465 7
89.913115 399.009057 9394.203862 2
189.449135 344.107405 9415.255347 7
223.462138 337.113483 9431.919670 6
215.374348 309.448450 9438.108090 7
257.327282 480.202210 9441.545885 8
251.374913 322.753271 9459.934027 6
182.155107 302.729198 9500.198434 1
67.892300 428.229989 9503.645111 7
240.634616 327.269604 9508.720006 5
240.854143 423.826141 9515.732093 1
87.363472 322.886354 9517.658416 4
241.219324 360.251966 9532.994015 7
254.910015 494.671795 9536.113728 5
78.235367 450.285709 9536.691735 8
136.827676 342.000602 9557.471577 7
133.285780 486.387597 9557.676271 3
175.131971 524.832420 9578.945230 7
237.888212 499.106133 9581.307065 10
258.295116 383.226293 9584.863984 1
251.787759 463.857034 9585.459146 6
269.966043 361.380752 9590.216307 9
270.244021 381.170892 9593.442260 4
65.840477 391.356818 9604.645541 3
93.117642 451.588167 9613.204017 7
129.090130 475.050175 9619.347527 10
219.006497 514.940694 9635.783977 6
113.495215 354.129693 9645.527644 9
113.083998 324.751358 9684.222820 3
170.298529 316.982007 9720.517814 4
166.962724 509.263727 9732.696768 10
77.179655 326.397786 9742.003557 7
88.259831 377.014018 9751.212417 5
206.104751 503.996647 9757.048108 2
180.439124 505.898841 9760.286057 6
226.196934 491.519964 9760.657363 10
101.679749 428.816174 9761.015769 3
219.232462 485.848684 9763.652252 4
159.491909 504.618781 9767.133073 5
143.874819 307.909507 9800.501773 2
191.856238 511.558736 9833.595826 1
195.318913 490.544561 9834.539988 10
269.932744 444.952879 9839.452735 10
152.279478 515.645381 9848.213666 8
172.524884 498.070734 9863.961696 4
74.179984 395.930567 9887.349123 9
57.574223 420.723776 9905.925475 5
124.432972 312.131521 9926.976094 7
89.816638 357.411580 9940.197583 5
106.205392 333.751522 9949.323522 8
108.932595 330.331331 9957.193107 10
264.168463 389.241795 9965.435636 1
208.739654 485.157240 9970.099059 9
94.400043 476.019850 9973.126656 3
220.461367 498.351600 9984.499638 2
268.676572 474.289954 9986.142896 9
179.823467 293.791147 9990.008554 1
100.660694 382.986202 9999.567176 4
